500 100 50
8 78 72 2 19 50 7 70 95 11 33 84 93 62 16 29 66 55 88 36 69 81 12 9 96 80 56 86 28 99 65 24 5 87 6 90 64 52 17 39 89 82 47 79 15 57 21 59 100 25 71 53 4 46 61 94 37 40 41 1 74 49 45 22 18 54 58 60 42 14 92 97 44 63 98 76 77 13 34 48 67 3 27 10 20 30 32 35 51 26 38 85 43 31
81 13 72 15 92 45 83 33 52 44 63 61 91 36 78 58 76 43 100 24 89 56 55 98 14 23 19 87 27 5 93 31 32 60 38 86 3 54 35 80 62 11 95 75 99 79 9 41 88 66 10 67 30
73 97 47 39 52 27 95 42 67 1 68 57 11 96 66 21 63 16 18 94 85 93 72 38 12 88 58 40 99 14 50 17 10 34 15 3 91 89 28 5 13 82 4 24 6 29 61 35 32 25 45 33 41 44 30 55 31 49 64 37 90 86 60 77 22 20 92 70 75 98 9 7 62 51 87 80 43 19 83 23 78 81
64 58 33 35 36 68 71 89 30 50 41 79 78 52 18 28 65 8 70 100 63 80 90 45 14 69 56 7 66 96 31 4 85 6 11 73 21 3 53 17 43 94 32 48 72 37 88 84 86 23
67 42 32 93 74 62 44 100 26 9 56 82 3 55 16 63 31 4 78 38 8 18 88 96 60 7 52 20 65 71 64 76 12 49 23 58 80 45 6 39 61 91 85 66 10 57 94 84 75 99 77 86 15 36 72 87 53 22 98 37 17 13 51 11 46 97 70 29 59 89 34 28 68 83 33 35 95 54 5 14
17 89 86 63 40 61 77 31 9 71 32 82 46 4 92 64 28 11 44 65 6 90 62 88 37 53 45 33 50 42 100 73 91 60 87 96 47 39 41 48 80 57 22 30 21 98 74 27 34 84 52 79 95
9 14 13 24 77 89 7 53 27 51 96 56 80 40 52 36 1 79 72 99 45 22 49 67 75 39 35 32 19 84 37 43 38 47 93 50 60 28 86 17 85 100 15 83 23 4 88 81 34 98 30 68 87 41 73 91 69 74 10 62 8 26
84 98 92 31 47 86 96 22 82 99 89 97 80 29 41 5 73 37 64 9 49 40 14 52 68 3 88 43 77 71 54 28 55 25 23 62 12 30 85 35 93 15 2 26 24 36 66 91 39 18 42 56 51 17 75 60 69
7 44 4 81 77 18 74 57 14 53 93 51 36 10 19 8 73 27 38 2 25 79 5 35 85 76 71 1 46 54 24 70 43 59 52 64 37 80 94 63 88 26 99 62 32 68 89 29 65 72 13 21 55 49 42 61 47 31 84 20 22 9 28 75 58 23 40 33 34 69 56 78 16 3 87 17 82 60 98 83 41 67 100 6 48 30 91
95 30 11 77 16 68 2 74 64 10 9 62 63 38 53 48 79 57 28 5 50 3 58 17 24 100 89 96 56 97 98 83 8 6 25 65 55 32 21 23 35 29 91 45 51 41 12 70 54 46
44 32 62 24 2 54 14 50 22 5 51 86 79 37 26 18 27 48 34 97 80 3 7 89 25 17 95 1 12 20 39 87 43 47 31 68 58 65 41 66 45 74 82 60 52 35 49 59 88 6 92 53 4 83 84 57 67 90 10 56 38 16 11 63 75 21 19 85 76 69 15 98 96 72 94 46 73 33 64 29 30 9 55 100 40 13 99 81 61 8 28 36 71 70
3 76 51 74 17 18 58 24 28 41 77 100 86 14 91 45 31 81 4 87 55 65 85 62 12 94 89 57 78 6 73 82 48 29 23 21 34 71 42 72 15 47 22 79 95 16 90 52 37 5 61 39 19 49 63 36
68 21 89 87 63 80 49 33 14 96 52 65 34 42 95 7 55 53 99 43 45 8 92 71 94 59 57 12 56 3 44 26 86 13 22 50 1 74 24 27 83 38 19 97 62 11 40 28 23 48 60 18 37 77 4 30 91 93 100 15 58 10 88 76 90 82 41 6 46 29 39 17 20 79 73 67 36 69 31 70 85 32 98 2 66 5
59 48 82 93 88 56 14 72 85 42 77 95 54 62 46 91 74 92 79 57 68 40 96 13 38 63 32 65 34 4 31 30 24 52 44 97 87 16 76 29 8 1 7 84 55 49 89 17 75 81
9 36 69 5 98 31 90 96 29 75 99 35 11 68 13 52 85 81 59 3 50 76 39 64 23 83 47 54 21 32 79 82 15 48 49 74 24 63 4 14 71 58 66 94 78 18 77 19 40 22 38 87 51 34 7 88 80 28 41 33 73 2 45 86 37 16 27 61 62 42 30 6 1 55 57 89 17 100
1 58 55 64 41 36 59 10 15 70 71 100 42 24 50 2 61 72 28 69 94 44 67 40 90 85 38 29 49 32 87 66 52 97 80 22 51 3 68 95 74 11 48 73 62 23 82 91 84 14 54 7 47 75 39 89 83 9 81 20 88 98 13 78 93 5 65 63
97 13 12 74 38 98 64 55 87 3 69 33 14 42 61 96 49 40 100 53 68 60 52 78 5 45 79 71 48 88 86 26 22 2 80 16 18 34 65 37 43 41 15 23 57 7 28 21 92 8
49 37 42 14 60 59 20 79 48 70 15 75 97 8 83 78 38 94 30 5 64 74 69 57 93 7 16 19 26 28 63 35 85 39 61 53 73 96 92 47 86 32 29 17 3 80 51 81 21 71 55 56 31 91 25 88 84 41 66 40 95 44 4 52 27 1 68 62 36 58 72 18 24 82 99 50
76 69 60 18 84 40 90 51 87 11 68 61 14 48 91 72 6 77 22 12 65 39 50 80 78 82 75 32 88 13 62 45 99 73 92 44 66 93 71 30 57 26 85 31 83 63 7 15 52 2
30 81 56 21 82 32 49 89 4 23 78 62 11 13 72 22 1 52 46 31 64 51 84 8 67 9 43 61 39 100 97 15 85 59 99 42 35 57 36 5 54 77 17 60 79 98 2 38 7 20
78 44 92 39 30 50 74 14 73 88 70 37 60 81 84 77 25 34 47 26 57 53 10 80 13 3 40 5 67 27 55 93 24 66 36 59 28 96 4 90 56 48 17 54 21 35 11 8 29 61 16 33 97 18 49 99 86 85 89 72 1 42 9 63 32 23 100 87 19 51 2 79 45 52 15 62 82 68
99 36 9 7 72 44 63 57 93 56 22 31 30 97 45 51 37 85 80 89 35 70 64 87 84 40 1 38 13 79 74 11 3 47 21 52 27 15 48 82 62 100 25 10 65 59 41 76 43 55 8 60 98 14 71 20 94 2 12 58 92 23 46 86 29 67 90 32 26 6 95 81 91 33
100 59 87 31 61 60 5 16 48 90 23 58 26 82 69 14 57 28 70 96 46 98 44 85 67 1 10 51 54 55 62 99 13 4 35 2 45 12 20 81 19 38 94 66 24 3 95 29 52 88
16 39 25 57 69 56 20 70 98 30 80 4 81 63 71 67 77 97 22 93 46 2 72 62 18 85 75 5 84 61 8 73 42 49 94 40 36 1 95 23 21 89 68 34 32 14 24 15 37 33
4 88 36 10 97 8 79 53 47 40 99 48 77 24 35 14 94 62 23 13 87 61 44 29 58 39 63 59 74 45 86 49 56 67 33 20 54 7 90 64 78 32 12 5 95 83 21 41 34 71
60 93 63 42 99 79 100 1 36 85 24 27 46 7 84 16 28 98 11 87 83 55 57 66 94 26 65 73 88 58 72 70 13 76 71 89 92 12 95 22 91 8 30 69 90 38 86 39 21 2 67 5
19 49 77 47 97 7 21 39 8 51 22 14 41 40 98 90 87 50 34 99 46 5 12 86 4 1 69 42 60 76 13 45 79 81 25 83 10 56 18 27 80 88 33 43 29 68 61 52 57 26 17 100 62 63 95 30 11 54 59 28 31 6 71 67 36 44 20 2 94 72 74 89 23 64 92 35 78 70 75 9 73 16 84 82 93 96
4 93 85 29 58 78 53 65 11 95 14 24 52 57 63 1 28 40 87 18 70 37 64 16 73 35 59 98 20 72 97 12 45 49 71 48 94 32 81 100 56 50 79 19 15 38 25 17 55 9 5 47 46 33 8 84 30 41 51 10 34 76 31 67 88 83 54 6 27 60 96 3 86 69 66 21 82 36 99 22 89 42 44
94 45 12 23 10 11 13 82 42 62 57 86 74 29 16 21 55 39 4 51 43 52 49 33 61 67 99 95 5 60 46 28 93 24 90 84 44 63 17 88 18 80 71 22 53 6 38 73 81 72
88 6 89 95 22 44 1 77 27 99 96 13 82 68 72 55 30 46 80 38 32 42 94 70 37 54 67 79 39 47 69 58 50 33 36 57 43 66 23 51 81 87 93 10 48 19 62 91 98 26
94 23 35 29 32 58 57 64 37 69 49 2 7 99 3 42 67 54 41 26 71 85 59 4 93 61 10 53 79 38 62 96 55 25 17 52 47 33 51 39 24 84 1 82 70 65 81 27 22 34 89 20 28 88 9 44 78 40 30 60 14 45 83 75 13 12 72 77 56 6 86 36 63 18 50 46 97 100 11 87 95 19 8 91 16 21 90 92 76 68 98 48 66 74 15 5 80 43 31 73
36 72 86 58 56 52 93 46 25 41 37 17 68 33 88 2 54 4 84 67 69 3 11 66 27 16 22 21 80 26 76 5 99 44 83 60 47 55 81 64 32 6 79 23 94 91 65 70 96 75
8 72 41 92 81 15 68 93 40 29 2 66 11 34 57 78 74 52 84 88 85 56 7 35 76 55 83 43 32 95 50 4 26 94 63 18 19 28 6 98 71 59 49 48 22 58 30 60 23 36
86 71 27 58 82 100 5 40 9 3 94 19 39 8 44 47 79 56 10 67 61 14 60 72 90 28 30 63 70 21 62 31 78 55 26 77 51 85 29 74 93 64 22 75 46 69 38 73 12 92
32 43 15 49 65 87 18 12 14 34 38 22 25 51 72 16 58 97 46 11 35 76 90 2 24 37 74 8 75 20 50 89 36 60 88 48 53 81 56 55 27 26 95 91 31 39 83 45 68 63
10 80 33 83 41 26 66 52 19 39 22 36 90 84 54 63 24 55 98 8 74 7 40 35 25 30 4 58 68 78 95 5 86 89 34 15 56 11 31 23 85 71 6 77 91 81 51 70 53 13 18 28 46 57 79 38 1 16 20 29 59 42 50 27 65 92 94 32 100 47 48 43 87 44 17 14 64 72 69 2 99 61 3 60 67 96 12 97 21 49 9 93 73 88 82 76 62 75 45
82 18 92 67 71 46 96 4 15 91 70 8 38 25 53 66 51 86 78 29 98 24 26 63 14 17 23 41 95 44 99 45 69 90 61 59 87 11 81 54 83 52 33 72 48 34 6 12 97 80
38 45 97 20 63 16 53 83 50 95 90 39 80 3 93 57 29 96 22 25 75 12 35 8 34 54 91 40 41 88 72 21 27 10 32 11 26 28 81 92 36 1 49 60 71 78 30 18 7 79
20 90 2 32 83 21 38 25 71 24 76 91 95 3 12 30 47 96 64 28 55 5 49 53 77 51 44 19 93 46 92 82 8 17 4 79 74 63 43 84 58 37 40 56 41 68 13 99 6 45
100 47 81 31 60 73 49 1 88 93 95 99 28 6 19 96 11 44 61 68 51 53 98 45 3 56 72 20 75 97 5 85 17 62 9 40 39 92 43 65 57 32 8 50 30 80 35 58 14 90
54 96 97 5 98 33 27 38 1 62 70 21 30 72 28 85 32 82 44 60 95 16 86 66 26 100 94 4 31 77 3 74 19 99 53 14 20 68 9 51 48 10 43 49 39 47 87 63 61 35
56 97 59 64 46 36 30 27 79 5 20 31 43 95 16 41 1 73 66 81 94 10 96 85 80 77 8 54 93 15 49 90 14 22 89 4 24 75 86 32 69 83 58 7 82 25 29 26 98 35
2 64 9 54 71 1 40 20 3 41 72 46 7 58 80 94 59 52 34 5 21 74 100 60 82 63 99 29 69 98 91 96 36 30 35 75 13 18 22 10 67 23 17 27 78 24 14 4 61 87 83 97 76 50 73 95 37 19 6 56 15 8 53 38 70 77 65 25 49 39 28 62 33 11 32 45 68 85 51 55 66 57 84 90 48
31 22 56 84 59 36 63 61 19 77 65 78 97 88 14 41 49 55 81 90 51 30 25 8 7 62 71 70 98 6 86 46 58 5 37 47 96 80 21 28 45 11 48 75 10 4 83 9 79 57
84 93 57 45 55 37 41 49 43 81 74 22 86 54 20 18 10 33 4 48 31 11 88 69 27 64 1 77 85 82 30 71 16 13 68 92 34 2 35 73 25 89 72 9 58 94 6 50 96 36 38 97 56 61
60 38 34 75 15 21 5 49 62 100 50 29 41 84 99 55 11 91 4 69 25 67 26 18 44 70 86 71 58 52 95 48 33 78 88 72 74 90 94 37 17 23 9 56 87 85 81 39 68 7 12 47 46 32 83 19 98 59 3 10 63 14 76 89 28 97 51
59 28 66 14 51 54 74 64 49 37 79 15 56 24 93 50 98 87 95 40 48 67 60 86 70 78 4 20 45 36 96 90 10 5 21 13 73 12 82 3 30 19 34 8 35 9 80 57 43 55 25 6 83 23 39 81 16 44 77 26 1 92 42 2 17 47 41 76 31 99 62 84 88 72 33 38 94 52 71 32 53 89 85 75 27 63
46 81 29 42 18 25 96 69 62 100 80 21 45 1 24 72 67 13 10 84 55 56 78 12 79 68 64 14 59 36 9 22 26 77 53 11 34 98 3 90 4 75 65 43 57 32 86 51 5 88 44 92 27 85 38 95 8 39 61 48 17 66 91 89 41 6 30 37 47 71
22 20 59 28 16 29 35 66 64 71 50 15 33 78 98 94 72 91 14 65 40 49 34 68 81 67 42 56 89 3 6 83 18 24 17 27 77 75 90 57 23 32 48 2 76 95 45 73 84 11 7 43 62 82 37 26 13 69 70 86 41 61 74 4 97 1 9 52 88 30 36 31 60 99 21 25 63 100
1 29 28 46 20 80 4 68 99 74 64 30 97 84 14 86 69 67 66 5 8 94 65 19 62 50 54 33 53 12 59 11 87 61 73 10 55 25 7 85 35 75 3 17 49 9 95 18 32 15 63 36 31 22 72 13 81 47 34 44 71 79 60 91 38 56 88 2 58 70 39 45 27 78 42 51 82 98 93 76 100 6 40 48 52 37 90
81 20 48 57 41 35 94 27 1 54 75 8 44 90 46 76 37 5 65 73 58 42 97 87 7 85 22 51 39 4 16 2 19 88 77 83 66 74 38 13 89 24 9 11 30 61 62 55 82 29 21 36 84 45 96 6 99 70 14 86 12 25 78 50 93 79 26
57 23 66 29 71 75 73 88 54 40 78 93 61 97 46 37 26 18 31 5 8 72 79 42 15 14 83 19 11 35 91 60 80 89 2 53 55 82 86 4 28 49 96 51 3 59 48 10 64 21 74 1 76 99 22 12 95 56 27 50 39
74 46 1 72 50 58 96 2 87 75 95 41 20 32 49 9 17 33 83 93 98 19 55 35 28 4 70 8 23 21 76 44 11 6 92 73 63 48 89 24 7 65 84 27 16 80 69 66 61 77
78 84 67 5 81 3 12 28 87 13 24 45 59 57 48 41 90 60 64 6 10 58 83 100 16 65 91 75 51 62 82 40 68 44 49 72 4 22 97 19 98 8 95 94 29 20 70 43 71 30
32 95 57 30 1 82 88 72 15 96 77 75 28 55 50 27 76 59 52 40 23 89 80 53 73 61 58 97 11 65 70 87 49 37 81 94 36 21 51 31 24 66 4 33 9 92 18 26 34 63
32 71 34 53 83 45 16 73 90 52 4 35 68 69 48 81 97 60 94 18 56 82 24 37 20 80 57 50 31 91 72 92 87 61 6 66 8 22 25 15 2 43 44 10 85 47 75 51 21 9 3 29 55 11 62 5 46
10 22 26 19 83 85 49 31 20 11 1 2 37 78 100 88 13 12 52 89 39 46 92 3 30 80 56 36 47 91 74 96 94 33 45 68 93 53 44 18 7 97 59 21 79 5 58 99 41 98 63 34 38 40 90 66 6 64
82 60 37 91 38 18 48 42 46 99 83 65 67 4 89 45 88 63 13 71 26 77 68 92 64 100 41 72 15 6 61 30 28 79 10 40 17 43 94 57 8 56 51 16 54 9 7 22 81 47
76 41 31 4 53 85 17 79 87 78 60 95 43 86 88 72 5 89 81 1 22 63 75 92 61 44 28 6 10 90 24 82 64 27 65 3 71 69 59 98 12 33 7 8 20 80 19 56 58 62 32 16 34 57 100 40 51 70 74 83 84 45 15 47 23 94
57 37 67 70 95 63 15 48 90 85 91 93 69 40 16 86 47 83 21 76 39 56 52 61 25 98 72 79 22 30 92 23 53 33 64 32 66 82 68 78 59 99 55 75 71 31 1 9 35 45 51 49 65 100
71 38 78 13 56 40 6 62 59 29 42 93 14 20 4 65 17 70 3 30 10 87 77 69 43 36 94 76 68 39 51 48 19 61 22 33 66 32 46 73 67 79 83 99 8 15 89 96 45 47
92 58 63 32 34 74 18 52 64 51 27 80 12 43 24 42 6 2 75 16 7 59 93 56 45 31 20 66 11 90 89 78 25 81 57 87 29 86 85 9 44 73 71 8 95 14 49 96 22 46
45 27 55 94 70 51 71 12 92 43 90 65 83 14 36 8 26 49 76 13 3 98 89 62 59 44 33 48 19 60 9 6 11 56 15 16 7 17 22 29 86 30 2 64 38 54 63 80 52 24 20 95 96 69 58 47 66 34 21 87 35 97 25 82 78 81 46 18 32 72 85 99 61 50 100 84 40 68 93 39 37 31 5 1 4 53 57
52 27 67 80 20 24 35 99 92 41 40 34 14 81 8 28 82 79 42 15 31 18 87 25 70 7 97 68 3 69 72 26 95 19 93 46 39 96 13 86 53 37 54 77 17 47 11 66 22 61
9 20 58 40 63 33 81 19 35 80 27 24 69 15 93 2 66 85 29 28 92 17 22 7 42 74 54 49 72 95 100 21 94 32 12 5 23 36 86 41 44 59 83 43 52 67 3 30 73 76 98 14 62 16 75 34 11 79 53 78 51 50 65 13 25 60 55 4 46 97 18 39 56 38 45 82 90 91 8 26 57 6 37 96 88 71 47 89 64 87 1 68 99 70
81 69 15 30 18 43 77 8 38 51 7 59 60 32 97 14 89 11 99 28 68 86 80 24 91 58 63 56 55 37 71 46 48 83 61 67 47 33 95 40 49 44 90 39 17 73 9 35 6 98 74 45 54 94
30 11 29 93 96 87 84 86 5 58 16 36 72 77 17 71 27 88 83 40 20 55 81 82 57 10 42 70 90 80 33 43 85 6 49 25 66 13 100 89 76 28 74 75 54 79 1 68 92 14
13 5 53 81 26 47 58 34 28 82 1 71 7 11 75 36 83 14 70 23 96 38 39 100 29 68 72 49 37 89 6 20 30 41 10 80 98 63 90 88 97 19 43 31 61 73 12 25 18 99 84 79 48 78 24 60 69 56 15 9 94 87 65 2 21 33 66 77 8 42 22 62 51 59 93 57 54 52 17 16 85 95 92 86 74 32 27
56 77 20 76 6 36 51 35 49 19 21 50 78 12 72 73 45 47 57 96 43 89 82 28 85 26 99 69 13 29 24 42 5 94 48 23 59 75 52 25 37 81 46 83 40 87 86 100 15 14
7 75 84 62 35 19 40 15 66 6 45 30 31 12 58 81 64 59 60 88 46 73 77 11 68 27 83 21 49 39 41 55 43 10 100 20 18 52 94 95 38 67 4 90 61 92 53 23 72 33
33 74 63 97 65 32 99 67 71 41 84 92 72 80 5 16 73 98 23 88 26 48 79 86 78 51 29 85 34 60 39 25 40 49 21 36 24 96 4 20 12 2 70 13 89 55 50 57 82 44 17 59 52 18 56 42 75 83 62 10
11 7 19 50 22 18 97 42 2 88 17 48 83 34 32 67 80 3 16 41 51 76 1 82 72 89 44 75 20 37 69 100 71 64 66 5 33 52 29 93 36 4 43 6 27 45 38 86 31 73 12 23 96 49 35 62 94 55 54 28 47 70 78 87 56 15 60 25 39 30 92 57 95 77 53 58 59 84 10 91 68 21 63
59 39 7 60 67 18 50 93 90 49 80 86 79 41 2 11 35 29 24 72 46 47 21 9 14 82 17 42 6 51 26 66 34 38 48 3 54 89 44 31 40 19 98 71 77 8 45 73 61 96
96 16 40 83 46 3 29 26 93 95 90 28 42 25 14 54 66 59 100 87 47 23 76 86 7 15 10 11 81 31 99 12 51 20 56 64 5 92 48 33 2 72 4 18 60 70 22 82 36 27 79 88 78 13 68 17 49 69 52 8 91 1 9 98 75 6 71
79 96 89 51 66 35 28 77 9 88 87 54 65 34 64 31 57 71 36 67 33 41 82 91 55 100 4 18 14 74 98 70 58 19 13 30 39 85 47 11 24 48 1 49 22 92 53 37 20 73
67 66 40 82 33 98 74 50 95 27 2 9 76 65 69 61 84 62 19 64 57 12 42 25 52 47 38 46 21 43 96 11 94 30 6 48 68 34 59 8 97 7 87 100 4 58 90 78 37 83 79 28 77 49 13 5 70 63 45 35 14 53 60 39 15 23 44 54 72 22 99 75 85 56 32 20 80 1 91 16 24 55 89 86 3 29 73 31 92 10 26 93 41
96 19 49 72 69 55 61 29 8 94 92 79 20 76 80 67 52 81 42 50 85 10 51 88 63 37 95 17 48 18 73 47 75 40 98 30 97 86 25 60 23 32 44 6 100 2 54 84 59 27 89 13 12 77 5 4 15 99 82 11 3 31 16 24 58 70 71 57 53 87 90 28 36 26 78 46 56 65 43 21
95 97 41 58 16 11 21 27 36 24 75 72 31 91 89 87 23 25 74 80 13 84 54 45 35 63 14 90 94 77 49 3 98 99 28 76 67 53 40 59 73 71 57 32 5 56 96 69 47 34 92 88 39 52 26 10 79 33 17 37 100 2 93 81 29 48 68 50 70 65 6 30 61 42 60 12 15
96 8 95 74 42 77 88 24 32 54 94 59 83 18 99 87 61 39 98 55 47 17 36 45 63 90 84 43 11 93 51 40 78 68 53 46 69 38 3 30 9 26 76 91 27 79 66 25 97 37 31 5 85 70 57 33 86 67 64 56 28 44 12 41 49
42 69 68 41 27 30 11 26 80 54 46 25 59 93 85 44 56 84 35 22 39 21 98 72 66 36 65 29 77 64 34 73 49 55 47 13 90 17 2 94 75 81 10 50 61 88 70 74 63 82 99 20 48 71 43 15 19 100 1 51 7 14 97 62 57 78 3 33 96 23 60 24 87 16 32 5 9 37 45 6 40 92 4 28 8 79
28 5 61 94 40 2 30 32 34 99 60 89 79 26 91 53 97 100 93 41 62 16 92 59 69 48 31 1 38 33 98 95 56 66 24 63 37 50 36 11 10 78 20 65 55 58 42 67 57 35
30 79 14 74 42 20 22 76 57 51 27 44 2 52 94 71 83 56 47 9 3 70 12 77 96 36 98 81 24 99 41 25 46 84 91 32 15 48 11 28 75 8 61 43 37 33 65 39 100 88
46 3 55 20 95 87 89 97 36 43 52 6 27 12 100 83 22 71 56 74 17 45 62 54 86 37 9 7 21 66 51 61 19 47 34 64 84 2 32 94 35 48 67 23 5 13 77 76 57 15 90 1 81 24 53 14 49 8 93 91 70 31 18 92 99 41 29 72 98 10 73 65 44 33 25 28 58
7 57 54 32 37 90 43 58 77 86 48 41 52 78 82 75 94 49 92 34 83 69 70 38 22 31 12 51 11 73 67 84 36 63 21 65 17 24 98 61 23 33 20 55 56 59 80 13 35 93 60 99 10 91 27 47 15
7 37 27 18 65 63 53 2 100 79 54 59 99 25 70 45 98 16 92 5 60 48 23 42 76 49 67 91 31 11 56 85 32 8 44 26 17 51 81 89 29 74 71 40 34 90 9 33 10 93 62 88 21 78 83 80 24 55 6 61 41 38 13 66 14 96 1 57 73
55 44 24 32 52 74 72 10 51 63 57 80 86 84 87 95 27 78 39 54 98 35 73 94 13 71 64 82 4 56 67 31 89 12 100 14 77 93 99 1 7 3 83 43 91 15 33 16 88 49
79 32 33 7 85 42 89 86 30 58 76 50 5 12 51 68 57 75 81 98 28 16 36 90 65 1 37 13 94 8 15 71 55 29 92 99 67 43 18 93 59 80 6 31 73 74 40 69 45 91 17 34 84 47 41 19 54 83 96
44 65 15 75 8 52 74 99 34 40 35 46 7 59 79 71 11 67 42 28 57 27 97 93 14 92 6 19 21 98 68 86 90 100 37 53 77 80 1 96 39 29 89 78 3 94 17 69 18 84
79 23 27 78 44 74 80 84 48 1 47 45 26 36 8 37 100 93 91 62 70 7 15 87 43 10 49 40 98 16 72 35 46 12 60 68 31 52 82 58 97 50 69 41 77 88 33 4 96 63
38 42 11 52 24 16 46 12 66 45 41 39 93 91 78 70 44 99 89 5 54 60 92 88 84 7 62 26 30 90 50 1 65 49 100 57 83 14 29 76 51 27 61 32 47 97 58 25 48 86 21 34 6 33 98 28 17 35 71 96 23 36 63 74 15 20 67 82 75 85 19 18 10 94 13 87 4 31 43 37 79 77 64 80 68 9 55 69 2 81 3 22
33 8 38 15 79 28 72 100 18 94 45 74 13 67 27 42 84 64 36 40 11 57 98 99 63 48 56 6 76 66 90 21 83 59 32 73 17 58 46 2 30 85 60 5 14 97 81 71 12 70 75 41 52 20 37 43 88 86 29 10 68 35 1 61 9
47 96 49 41 76 46 80 70 69 52 55 84 6 54 95 50 13 28 45 23 16 93 39 51 17 42 21 2 98 29 88 35 97 9 43 25 3 87 34 1 68 83 15 59 30 60 44 57 58 73 71 94 78 32 89
12 40 15 4 22 60 39 69 5 36 86 38 57 79 41 83 76 68 11 49 9 51 6 28 97 91 72 23 61 87 19 37 78 80 100 93 30 2 92 26 74 43 63 81 32 46 47 88 44 21
30 17 38 26 39 43 73 27 72 51 71 64 88 4 52 87 11 66 67 93 86 57 69 60 100 82 40 22 76 96 56 65 97 12 77 7 92 59 24 29 36 49 6 18 81 45 35 9 75 19 23 99 41 74 89 42 44 98 34 13 70 95 50 48 54 63 20
65 57 48 9 88 55 63 49 90 26 41 37 10 20 94 74 6 72 2 78 40 45 80 96 61 31 54 97 66 86 91 13 98 82 25 99 15 33 34 58 44 83 38 60 89 7 87 22 47 71 64 27 70 73 50 14 30 84 68 24 62 11 18 21 92 77 17 59 39 36
4 26 1 49 34 54 48 40 65 8 58 81 30 17 53 6 80 91 18 96 88 36 69 98 73 35 70 38 85 94 33 43 66 92 52 97 86 56 68 10 14 75 39 64 79 60 42 47 46 100 32 83 29 50 57 41 7 45 27 78 67 19 62 51 9 84 90 44 25 13 99 11 15 74 21 89 95 20 5 82 61 2 59
97 64 18 10 30 33 27 54 83 58 31 36 49 41 98 87 42 21 61 32 95 44 26 35 37 75 55 72 80 17 46 62 52 43 66 78 5 11 96 24 40 12 65 53 70 20 99 63 89 86
7 41 75 20 81 50 14 2 68 37 78 84 21 52 39 29 51 42 31 70 62 28 73 13 83 35 97 79 80 1 60 67 71 76 94 23 33 24 19 36 46 17 5 59 63 54 86 91 18 92 48 85 26 100 40 9 69 3 56 90 98 49 43 45 16 88 66 27 99 10 25 32 38
89 27 88 28 49 11 76 95 66 53 25 72 20 19 35 96 30 62 17 13 65 41 15 9 5 52 38 69 83 44 92 29 58 36 18 93 21 75 70 79 94 77 80 59 46 33 68 82 32 1 61 22 48 55 4 90 31 67 87
67 38 43 59 75 80 58 72 2 1 73 88 42 45 17 44 74 61 21 93 90 64 40 69 49 7 53 78 26 3 68 98 46 20 6 36 83 22 47 85 65 9 82 13 100 37 62 16 39 10 14 52 23 71 54 99 96 35 24 32 28 56 41 31 63 25 92 11 8
32 91 2 56 61 40 9 30 14 51 48 19 24 7 47 22 55 65 15 71 10 13 49 80 21 45 92 3 68 39 37 57 59 86 43 62 29 8 18 1 88 96 79 11 97 94 73 75 95 52
86 62 15 30 45 17 19 31 81 93 46 98 24 3 7 76 67 96 90 35 9 40 39 28 87 38 22 89 47 43 78 82 34 50 49 5 79 1 94 60 26 4 97 21 75 83 25 11 95 14
100 58 82 44 71 39 65 73 47 32 30 89 95 33 69 41 9 14 97 49 10 11 1 16 20 99 31 74 36 90 38 37 51 68 52 40 24 79 23 29 27 55 66 88 81 18 76 93 43 28
2 38 90 76 45 42 56 81 88 10 82 41 86 12 100 84 36 61 43 9 62 72 95 50 70 65 33 5 92 26 37 23 4 7 91 59 57 22 66 99 75 58 71 25 60 54 3 11 31 96
18 97 87 100 12 44 58 19 73 95 22 10 90 84 31 53 28 54 1 76 50 57 23 3 24 36 56 71 62 52 20 5 81 21 4 55 30 27 83 42 29 91 78 41 26 2 17 94 11 67 80 72 6 34 61 64 14
33 100 90 86 8 78 96 21 50 52 30 26 75 76 20 72 40 49 91 99 5 94 41 39 47 54 35 28 27 84 55 10 98 97 63 3 46 88 29 44 87 14 2 58 4 71 68 12 53 81 51 45 37 24 59 67
33 97 45 49 14 11 5 20 21 87 61 59 8 90 38 30 46 75 63 24 31 47 68 32 66 43 100 92 9 55 19 50 17 96 53 81 15 57 34 37 80 82 88 29 73 94 60 27 79 1
8 65 79 42 7 36 4 81 78 84 27 51 23 43 48 6 56 21 20 11 44 55 37 90 69 96 41 80 45 86 2 66 87 61 89 15 3 33 72 100 12 70 94 40 9 68 92 46 98 95 62 25 64 13 31 75 14 50 57 19 17 83 16 71 5 73 38 49 47 1 30 22 60 91 10 93 34 82 74 58 52 67 26 59 39 97 88 53 76
44 83 90 94 53 38 58 77 35 9 32 76 7 69 21 96 25 75 5 66 10 20 36 17 33 80 84 100 27 93 29 14 3 47 99 62 92 16 78 81 95 42 98 71 13 1 85 60 2 51 24 37 11 41 50 4 28 65 52 8 40 87 82 57 46 30 56 97 73 79 59 70 67 86 49 34 55
80 4 63 59 21 74 47 31 99 50 23 6 37 41 33 61 5 64 97 28 72 82 35 1 27 57 34 26 2 11 40 81 51 43 10 30 73 49 13 32 48 44 86 56 89 70 85 58 17 68
51 77 88 100 15 95 70 19 99 25 9 76 33 75 82 92 20 44 7 59 12 68 69 54 47 18 6 85 73 8 21 48 43 30 81 57 16 62 96 72 35 91 97 60 78 65 53 86 67 36 50 32 29 66
50 34 24 31 33 10 22 48 26 5 68 73 81 51 16 20 35 90 94 86 65 72 60 7 38 66 44 25 23 75 8 91 63 39 93 57 61 13 30 45 49 32 2 95 78 17 1 52 53 79
84 34 25 13 55 20 92 26 78 8 29 49 12 54 63 38 28 27 70 44 91 95 19 57 77 37 86 43 68 64 94 1 7 14 23 24 47 72 62 67 16 21 33 11 97 80 69 45 100 3
13 89 19 75 6 54 51 44 57 67 12 71 7 88 55 28 2 8 66 98 85 69 34 36 4 38 94 46 80 50 29 3 74 33 35 22 90 21 73 10 9 52 47 1 11 58 15 70 14 43
13 28 6 12 71 32 35 85 24 23 8 4 7 99 19 42 87 49 26 96 45 44 5 27 37 79 41 92 11 34 70 69 33 56 20 61 98 90 38 78 66 74 100 59 55 22 76 94 2 97 95 48 39 46 81 64 67 80 86 63 31 91 51 72 47 54 36 30 62 3 21 9 15 10 73 93 25 75 57 88
73 74 81 88 31 71 43 14 98 7 11 92 37 59 79 65 34 72 42 94 21 55 24 33 68 8 89 35 23 82 45 58 27 16 78 13 97 51 4 15 41 25 38 57 29 84 39 83 86 5 77 62 22 28 48 6 95 100 80 70
82 61 45 55 84 93 28 12 75 56 54 48 89 21 52 8 98 35 43 23 72 29 94 36 76 67 66 97 6 11 58 30 5 42 9 86 7 46 81 16 80 41 60 74 25 69 39 19 24 1 77 2 22 90 20 44 34 17 85 65
82 67 15 7 25 96 64 54 12 77 72 55 6 30 74 42 83 57 43 5 34 38 40 2 23 28 65 39 3 69 93 35 71 50 76 88 1 85 73 4 51 66 58 70 31 33 37 8 80 92
59 29 45 43 91 26 27 39 70 3 24 95 30 17 100 83 40 74 68 92 54 21 20 49 48 4 10 52 15 22 31 37 89 82 93 46 61 28 55 25 19 79 62 87 38 32 12 51 76 65
32 84 79 89 24 95 7 98 96 78 82 13 57 10 100 99 17 69 67 20 68 92 34 47 85 76 38 73 19 46 35 83 9 36 54 31 40 12 27 39 45 63 80 66 2 8 18 65 4 5
81 79 16 9 67 93 45 40 43 90 30 97 71 61 99 73 65 66 29 77 5 17 58 83 3 24 94 87 72 47 6 14 41 60 85 48 96 39 63 49 68 98 88 95 11 78 54 18 28 1
30 66 88 6 39 23 76 54 20 5 11 56 53 65 58 21 86 45 90 80 84 17 26 72 18 93 9 43 87 75 55 89 97 61 85 71 100 95 14 15 8 57 22 7 37 51 40 68 27 70 47 82 79 33 41 31 35 98 64 44 78 50 91 32 99 48 73 10 81 60 59 34 12 28 42 63 29 25 46 38 83
1 45 64 65 87 10 89 80 85 75 53 22 55 42 98 7 20 37 43 25 17 16 86 36 48 84 88 97 93 29 56 27 60 44 81 18 50 46 19 49 90 14 38 12 57 94 73 47 40 39
5 78 11 30 58 89 63 7 81 76 35 60 4 83 41 50 92 96 62 13 24 3 25 29 52 67 94 6 10 40 64 74 1 49 65 54 38 79 21 8 97 20 71 34 72 87 18 56 98 43
71 43 100 11 7 84 92 35 13 69 14 89 1 83 64 94 79 61 66 21 25 23 95 10 30 40 97 16 39 53 81 41 31 38 26 2 6 78 68 65 33 88 86 20 98 76 57 18 54 49 3 90 58 70 9 44 42 50 74 12 8 96 5 24 55 17 72 46 87 48 19 73 47 27 22 4 91 29 67 60 99 56 77 75 32 37 36 15 80 34 59 62 63 45 93 51 85
48 4 26 23 65 22 14 10 30 27 19 45 80 61 7 98 20 82 99 66 31 28 95 53 42 84 25 35 39 56 93 74 100 50 52 97 55 57 81 34 71 62 73 79 41 60 90 33 85 8 89 63 67 16 91 76 2 3 59 32 49 13 68 77 58 9 70 51 18 12 69 86 46 83 36 72 44 64 6 21 5 43 1 38 75 96 87 24 78 29 54 92 17 47 37 40
93 10 20 26 97 81 88 90 91 74 64 65 96 55 17 15 52 33 37 23 6 30 49 1 57 100 76 32 80 43 67 60 34 79 87 53 48 41 39 84 98 38 13 68 61 8 86 21 92 70
14 2 19 16 55 15 99 22 34 7 1 37 49 4 81 69 52 82 74 58 31 91 26 56 47 61 28 57 54 65 21 62 17 88 96 98 42 85 59 25 95 68 51 30 8 38 36 27 70 24
57 19 81 8 25 45 87 6 15 51 18 26 13 12 1 7 27 21 89 4 50 90 60 16 10 52 62 78 43 23 3 79 77 20 53 49 44 67 68 58 95 84 69 37 29 94 33 61 65 100 30 59 2 40 75 72 47 66 86 34 63 92 9 54 96 73 38 35 11 28 24 48 88 32 83 14 85 5 76 46 93 91 64 17 97 70 22 36 80 82 98 31 71 99 41 42 39 74
81 35 39 97 48 91 17 82 63 80 40 20 69 43 70 73 74 76 19 85 60 62 67 41 78 37 94 13 18 68 26 87 23 21 79 28 92 52 95 38 24 25 32 5 12 8 56 3 89 4
51 48 69 24 96 81 71 94 89 21 98 25 23 80 10 65 86 47 72 92 4 77 66 27 18 97 45 79 74 83 13 32 34 37 53 15 46 91 57 42 41 39 2 52 29 6 8 7 88 63 62 5 73 82 20 31 61 17 43 36 84 75 49 22 40 26 87 90 95 33 68 3 56
58 97 14 76 19 52 83 6 86 51 95 26 63 47 69 61 100 79 75 90 74 57 48 68 38 1 59 80 46 98 84 29 5 50 72 36 49 17 13 28 31 92 27 39 81 2 56 71 82 87 88 3 20 8 30 99 34 9 60 45 96 41 62 18 91 73 77 43 15 66 12 10 11 55 4 40 16 21 7 78 64 22 93 85 70 32 35 53 94 33 67 24 54 37 42 44
98 61 21 50 4 92 55 31 32 36 89 74 42 24 82 70 7 18 41 99 39 95 49 68 2 44 64 34 35 20 13 26 28 48 96 57 53 33 75 84 11 43 51 77 25 12 15 8 65 91
85 90 58 88 67 50 47 55 65 70 80 68 86 76 94 13 87 71 11 44 1 53 18 69 6 14 48 22 54 74 62 29 26 30 41 99 9 3 23 100 72 79 20 42 75 24 2 98 19 39
68 99 51 92 91 2 49 16 93 17 71 58 24 53 98 19 4 9 94 11 6 77 78 32 33 74 50 82 35 28 84 5 45 83 36 86 54 3 67 59 48 62 69 10 72 70 20 43 55 46
43 58 57 53 45 9 93 7 36 83 88 5 39 87 71 94 75 47 20 37 11 56 52 64 73 86 78 27 17 8 16 21 95 92 18 6 96 91 13 35 65 1 76 15 85 28 82 14 38 22 69 44 40 72 50 84 4 60 98 49 63 2 3 79 30 77 81 31 74 34 19 100 99 32 26 62 54 33 42 97 25 67 59
39 80 43 85 1 44 75 69 96 74 56 99 83 38 93 23 66 29 50 30 88 9 73 94 72 20 76 35 18 98 82 49 62 64 33 100 24 58 70 10 53 91 27 7 13 2 14 26 63 78 4 32 65 95 81 31 45 22 12 47 8 87 92 11 40 25 97 19 34 79 57 6 84 42 59 28 46 77 17 90 37 60 55 52
61 91 52 47 8 32 20 40 14 70 38 27 11 24 73 31 17 79 7 9 48 58 80 69 10 66 57 43 13 56 71 98 53 22 99 49 4 3 78 34 81 29 75 37 94 77 15 86 33 55
78 51 8 81 69 62 72 7 9 27 5 34 73 47 92 94 99 91 88 60 66 46 10 44 70 14 53 17 87 96 84 59 38 100 11 98 29 32 42 85 19 68 76 30 80 61 18 16 71 48 57 20 39 58 36 21
78 44 48 86 51 35 83 2 27 20 37 69 32 29 47 30 23 17 88 28 9 13 81 52 38 97 90 42 21 18 25 54 93 4 71 82 50 39 55 15 73 40 34 31 98 79 16 26 11 22 74 19 76 58 65 12 45 95 91 3 77 92 5 56 33 70 7 46 53 62 14 63 10 99 60 41 72 36 89 66 6 61 8 96 84 24 64 68 75 57 85
95 74 34 40 73 8 27 50 77 87 75 52 59 57 16 15 47 36 56 78 53 4 84 100 10 60 28 72 37 96 58 91 30 70 69 82 33 5 76 51 48 19 13 21 98 81 24 86 32 79 11 17 44 31 90 61 85 7 67 9 29 49
44 88 93 99 32 62 60 4 85 36 15 56 90 80 55 54 73 8 34 35 81 72 20 26 52 57 74 100 59 67 33 39 63 9 14 94 10 46 18 17 64 5 21 91 13 86 42 71 37 97
92 47 39 42 98 20 34 93 14 26 95 96 6 66 62 15 30 41 54 81 82 5 45 71 38 60 63 65 52 58 13 1 74 94 83 35 18 50 31 48 22 73 11 19 3 53 10 70 77 27 64 28 43 68 86 8
20 31 77 83 86 14 54 47 66 22 70 65 69 73 92 49 7 53 64 16 99 94 17 18 63 81 72 62 82 2 71 8 26 48 56 61 97 91 37 51 12 27 46 38 76 45 4 39 10 90 59 84 50 88 87 29 75 25 60 30 57 24 28 35 100 93 58 9 67 98 68 44 33 34 3 21
13 98 64 31 7 60 15 71 99 47 69 88 82 16 33 22 9 39 49 100 57 79 92 25 51 76 95 52 93 83 26 50 68 61 77 20 97 84 74 3 96 21 73 17 10 38 87 81 78 14 66 44 34 42 8 5 4 70 12 59 29 48 55 63 45 72 36 94 46 1
91 67 21 49 86 40 74 55 64 18 19 93 79 73 22 39 59 28 92 97 95 9 12 98 34 42 47 2 38 8 100 33 58 87 70 46 31 25 94 29 4 30 54 56 17 43 14 63 89 20
33 3 99 50 7 30 79 96 42 2 46 82 1 31 21 20 88 65 18 34 15 51 76 66 87 97 83 90 62 27 35 73 19 39 5 93 23 40 52 12 47 72 71 81 59 57 11 68 6 43
43 54 27 70 49 28 53 14 5 72 45 63 76 18 100 74 13 69 98 68 21 44 8 34 65 86 3 40 10 56 51 37 17 78 16 71 93 55 41 60 96 89 80 94 77 29 33 57 59 61 31 48 23 66 35 84 79 22 92 95 88 9 2 64 83 47 11 38 26 50 67 85 90 46 87 75 4 82 20 25 19 36 97 6 52 32 91 81 24 58 1 7 39 62 42
55 22 77 54 13 44 70 85 47 43 62 68 32 57 16 66 24 98 69 100 38 87 53 83 89 97 71 14 59 96 23 6 63 81 18 29 65 37 8 41 7 75 86 10 56 31 28 35 36 92 27 78 2 93 64 21 9 39 40 3 4 1 67 76 94 26 88 5 49 79 51 60 80 19 34 45 11 52 48 90 17 84 25 95 91 20 99 12 46 42 30 15 73 61 72
44 86 19 17 98 83 20 66 33 70 69 34 37 24 38 40 71 92 50 43 67 55 78 82 59 57 13 77 18 6 8 4 65 93 51 46 94 32 76 9 54 28 21 14 90 100 30 79 95 12 11 61 68 80 5 45 62 99 39 74 60 36 72 63 27 52 85 48 56 15 42 97 91 47 3 73 10 81 7 41 23 87 25 2 53 16 88 58 89 26 64 29 96 84
51 38 57 88 3 89 11 76 65 10 44 52 64 32 20 82 35 90 93 43 61 18 13 1 68 75 9 17 96 58 5 22 48 78 72 98 59 14 55 91 54 50 7 77 86 41 92 25 62 33 84 37 23
82 65 3 24 20 59 70 14 12 38 49 21 1 45 57 16 41 8 37 56 44 98 23 39 15 11 90 51 54 48 25 2 83 91 27 97 35 92 64 94 50 34 77 76 61 42 100 9 85 89 60 71 36 17 74 79 13 46 87 33 63 31 58 6 18 95 62 99 88 43 80 7 19 96 22 55 86 66 78 5 68 84 29 40 47 53 75 32 81 28 30 10 69 4 52 72
8 68 96 43 12 91 48 50 32 1 83 6 84 72 62 63 98 64 70 86 36 25 9 4 47 52 33 26 90 22 5 95 79 49 23 99 27 73 82 69 40 14 38 39 28 29 34 87 65 24 42 66 35 77 15 20 94 44 30 89 21 37 88 71 45 76 75 97 55 13 93 2 58 56 67 31 54 78 16 41 10 11 74
19 31 87 82 76 14 37 83 21 80 77 51 96 13 58 38 91 33 90 2 98 55 74 1 3 69 40 86 78 27 54 95 12 50 75 41 46 20 43 68 10 70 4 18 39 7 5 61 89 62 57 24 9 15 94 92 8 47 97
4 40 96 82 1 70 75 10 17 94 52 54 65 41 84 23 32 9 95 67 71 80 53 86 13 77 42 72 62 15 25 24 74 51 73 26 30 89 58 49 35 92 59 14 28 56 91 19 38 50
50 55 42 65 83 33 79 100 54 2 97 29 30 59 73 8 89 57 88 77 9 94 27 69 56 7 96 87 40 62 34 3 28 37 45 48 38 4 80 6 67 60 82 17 24 19 31 93 86 26
4 22 59 69 97 16 61 70 58 95 32 7 17 29 45 66 62 30 56 89 19 52 35 67 11 47 82 71 93 31 43 85 73 1 42 91 26 33 13 23 98 57 92 38 5 74 51 86 28 34 6 72 60 64 14 99 48 9 65 41 84 88 24 27 63 2 68 87
93 70 11 68 69 48 53 56 12 24 86 38 51 33 10 2 66 39 40 96 16 87 15 62 79 27 18 4 21 98 77 84 8 29 25 91 92 9 3 34 35 100 45 99 44 97 89 60 5 22
42 96 26 80 18 90 28 88 46 100 12 31 59 37 21 70 76 83 77 92 78 10 16 53 85 40 20 9 64 22 57 50 97 89 62 24 5 94 99 54 25 4 65 11 61 15 30 13 84 48
42 52 91 50 78 81 1 60 79 59 30 56 32 100 55 86 73 17 87 98 28 27 70 9 35 51 11 16 26 92 45 66 46 53 2 83 3 38 43 5 77 93 6 57 64 84 40 72 34 88
65 7 2 96 59 30 67 35 57 88 1 83 16 71 81 27 68 34 60 3 86 26 14 98 55 19 82 87 24 77 41 62 33 28 10 94 99 100 36 95 70 48 76 6 9 46 38 56 21 45
6 19 26 53 80 85 83 84 9 20 4 70 93 56 30 5 45 73 99 77 29 16 15 7 37 82 88 2 28 11 34 8 12 74 36 97 21 95 54 31 62 24 42 64 46 47 76 3 81 35 69 66 33 58 13 72 68 40 100 27 59 94 89 14 79 18 57
79 50 9 34 58 25 12 77 69 37 70 73 67 83 8 46 32 35 57 80 71 78 90 74 47 95 92 20 68 43 60 55 16 56 7 24 49 23 27 14 17 40 42 21 64 5 18 4 100 91 99 15 62 84 98 45 61 11 51 36 22 10 19 33 89 76 87 59 38 41 85 3 28 31 6 94 66
16 10 74 3 44 36 85 81 79 80 82 7 97 98 66 83 17 40 1 13 60 76 51 30 9 94 2 28 39 77 96 84 25 71 33 23 93 4 15 21 50 75 53 78 61 31 45 5 42 58 88 62 57 32 95 12 38 89 69 34 46 35 56 6 72 11 20 92 91 63 54 52 70 43 87 67 49 73 26
41 79 90 40 83 21 29 23 65 55 20 44 3 8 31 2 86 68 94 14 50 81 1 42 77 5 89 38 34 71 37 4 13 60 99 39 66 57 48 93 85 22 25 36 28 97 96 10 72 92 84 12 16 49 15 53 11 74 19 63 32 47 64 35 82 27 69
72 60 47 62 66 71 48 41 54 73 63 58 26 69 55 75 32 68 19 87 36 90 21 44 53 9 10 16 51 59 13 15 25 34 1 14 8 86 84 81 31 83 3 40 49 4 35 50 65 2
74 78 89 86 19 73 87 91 31 69 81 32 35 62 47 29 53 42 34 4 66 85 37 82 2 96 72 14 8 11 17 3 23 12 5 24 75 20 7 58 93 84 38 61 10 77 22 1 39 57 83 63 92 99 41 26 97 80 55 60 30 65 6 59 70 68 50 46 98 76 40 52 48 25 36 33 90 79 13 44 88 45 49
38 22 14 45 73 81 47 13 96 12 29 67 83 8 39 36 62 26 3 90 33 84 79 4 63 52 51 57 54 82 28 91 64 77 80 18 56 100 6 17 95 2 53 24 59 70 99 31 69 76
13 8 2 11 6 90 48 32 64 7 89 60 68 71 38 14 52 94 79 43 58 80 49 27 87 70 66 34 22 56 3 75 99 53 24 50 88 37 23 100 15 69 74 77 76 95 18 55 67 62 85 21 5 16 39 98 96 4 26 12 19 17 59 41 54 29 63 10 81 72 20 25 97 86 78 30 46 33 61 44 45 31 83 92 40 28 82 9 84
52 13 43 93 27 63 72 11 7 96 24 36 71 78 56 89 68 28 39 51 34 82 67 15 84 37 18 66 91 35 79 61 38 41 29 21 70 46 98 31 45 80 55 50 95 19 87 22 33 48
84 77 32 71 34 73 92 49 42 1 60 19 93 14 86 37 50 40 83 97 59 22 11 96 39 78 28 58 36 16 80 89 33 70 12 94 3 87 64 66 29 61 51 41 74 68 10 21 57 90 63 26 62 100 8 13 82 25 20 6 76 15 27 55 35 98 72 38 65 69 95 18 91 54 88 85 4 2 30 56 5 7 81 9 75 44 31 24 79 17 53 48 23 46 43 45
70 12 5 25 16 96 60 27 8 26 85 29 18 36 63 10 88 39 47 62 53 21 76 42 50 73 57 31 93 3 86 81 61 7 90 95 30 65 80 94 13 59 78 72 79 4 56 92 83 2 19 20 97 58 45 37 44 75 82 14 38 24 22 23 34 11 43 69 91 41 64 74 49 98 32 87 84 55
78 30 97 2 55 79 98 37 17 14 65 48 66 5 77 82 45 70 1 46 41 33 95 12 81 62 43 100 47 44 11 75 83 91 9 53 26 49 21 39 68 36 86 92 29 22 74 93 10 69
47 39 26 93 60 67 91 5 3 79 35 90 49 17 48 19 71 8 99 46 33 4 21 30 64 27 15 44 18 61 74 73 62 28 88 70 31 25 57 100 32 77 7 2 72 38 54 87 42 86
81 3 48 15 18 98 73 76 83 68 96 71 78 35 62 12 60 56 50 10 6 24 20 95 11 77 58 30 29 57 100 88 66 14 5 87 51 44 8 21 72 63 19 16 32 69 9 64 27 31 70 7 4 13 22 37 55 91 84 59 93 46 42 65 33 49 92 1 26 41 23 25 52 54 28 47 2 85 86 36 74 90 97 39 40 82 75
96 15 9 80 26 29 34 41 52 75 88 47 59 77 3 92 31 65 49 74 87 53 56 28 90 35 68 58 84 91 82 86 63 12 85 70 13 45 95 20 71 79 36 43 76 1 93 14 32 30
64 74 85 45 26 3 89 39 23 58 50 17 7 8 77 19 86 2 95 47 57 55 28 37 12 36 44 92 83 53 52 82 62 79 80 72 68 60 59 66 5 27 14 49 43 10 78 30 73 65 21 94 18 56 75 70 67 98 61 84 24 46 87 96 100 33 41 29 99
27 81 90 38 89 88 29 76 92 45 37 9 33 52 63 1 7 18 86 16 48 82 32 99 53 2 51 84 94 100 61 46 17 22 40 21 68 96 73 83 14 59 30 43 95 75 49 13 65 12 23 62 58 67 4 93 80 10 77 8 79 5 72 6 42 74 98 47 55 25 20 57 41 70 71 69 44 35 64 54 19 87 26 60 15 66 91 39 31 56 24 78 11 28 34 36 3 97 85 50
85 59 57 56 39 73 63 41 83 61 36 91 97 32 6 19 99 86 8 96 53 14 65 43 92 58 55 51 2 40 16 100 82 62 29 25 66 35 94 80 18 71 28 42 75 11 48 76 17 78 24 45 38 70 44 98 3 95 26
96 72 91 84 54 29 1 68 2 5 73 4 19 24 46 60 83 77 14 22 81 53 32 100 79 36 11 31 56 55 58 8 35 44 41 6 98 16 48 39 40 23 78 38 27 66 12 86 97 37 62 76 3 93 20 75 87 88 45 63 25 28 33 74 10 34 82 94 7 70 69 30 95 51 71 17 13 80 65 26 9 61 92 99 42 85 52 15 90 57 67 49 50 89 21 64 59 43 47
72 22 48 31 97 57 41 96 71 10 83 63 9 37 4 26 84 42 91 8 87 20 89 38 93 55 81 77 67 14 58 45 15 79 36 19 75 18 6 25 34 69 17 50 65 66 68 28 23 27
32 43 46 36 64 67 10 60 83 28 90 42 84 50 54 65 3 100 69 57 6 17 88 41 71 82 22 77 34 15 40 72 79 96 81 12 20 95 76 78 21 87 49 25 29 66 61 68 35 73 85 86 23 94 52 7
50 100 44 15 73 64 69 94 45 14 41 96 29 92 79 87 23 30 61 3 26 43 27 8 4 48 56 16 99 5 75 19 24 70 53 32 88 57 68 54 37 81 63 33 98 25 74 22 21 80 20 10 6 89 97 35 67 34 38 78 90 60 51 47 86 46 39 1 83 95 82 62 9 40
33 32 63 94 4 64 14 83 58 81 34 24 35 66 30 11 47 52 1 43 93 87 91 69 22 68 60 70 25 8 75 31 86 26 92 37 42 89 16 38 72 15 18 3 44 9 46 67 29 96
41 11 52 15 80 63 23 44 6 36 87 20 94 39 14 90 71 78 95 17 13 19 98 34 16 26 76 47 33 81 83 68 88 75 72 79 66 35 7 38 29 28 43 84 77 97 50 53 55 48 58 9 32 89 45 91 62 21 3 18
57 62 6 10 52 86 64 98 76 17 7 71 18 77 29 20 8 32 73 72 53 91 96 66 51 60 63 65 79 14 56 90 26 5 31 3 59 35 100 88 39 95 34 75 68 44 23 1 61 70 67 74 19 38 84 11 94 89 24
64 51 84 68 99 15 31 48 73 9 19 25 2 88 53 86 36 24 3 80 26 37 29 98 27 45 95 13 71 39 93 57 62 8 20 6 38 92 52 40 4 61 65 55 16 77 58 60 22 1
87 24 38 53 41 86 91 50 90 54 20 56 55 71 34 79 33 85 23 74 28 21 1 57 27 29 47 37 30 98 99 60 5 82 17 72 100 44 40 93 26 31 3 63 59 11 16 88 84 62 76 89 49 10 64 65 78 69 32 43 35 80 75 70 51 13 25
90 32 35 41 38 13 20 34 29 16 85 74 2 21 69 79 53 33 83 50 77 37 95 36 84 14 27 9 24 48 87 23 82 81 92 89 31 7 72 25 47 40 52 91 46 76 60 30 12 97 63 8 57 65 96 64 55 18 1 42 19 80 4 73 86 22
87 14 98 55 56 57 34 43 68 77 99 12 27 6 30 15 63 62 21 2 37 1 4 59 69 51 17 47 45 8 84 18 72 54 76 36 22 44 53 60 28 40 92 52 58 9 73 75 70 83
98 97 61 32 90 76 73 6 65 50 12 55 70 16 24 81 27 100 18 46 41 80 3 58 93 62 22 94 28 19 35 36 68 10 79 85 69 15 66 57 64 71 74 91 21 47 96 63 89 56
62 32 59 12 17 89 28 19 14 76 4 1 7 37 13 49 57 54 21 2 86 74 75 5 67 93 79 85 22 70 78 30 84 46 27 91 51 68 97 20 65 38 10 53 47 95 31 43 71 80
25 19 74 40 7 4 80 78 88 69 82 46 43 60 6 11 31 22 84 98 72 95 26 29 48 83 59 55 33 39 54 92 14 30 63 13 41 99 67 75 15 16 93 89 49 21 17 64 8 34 20 23 42 70 96 81 71 85 79 35 56 68 2
54 27 96 4 29 69 90 49 38 59 52 9 83 64 71 32 31 100 81 8 60 18 82 7 5 92 79 77 3 57 88 16 22 44 30 67 68 39 95 10 84 86 56 41 46 20 36 24 97 55
8 69 97 83 60 42 93 28 62 85 84 46 25 73 37 19 44 64 59 12 56 87 33 31 16 100 95 92 71 40 53 35 91 54 34 14 45 86 5 65 81 18 13 9 26 49 2 88 7 47
14 28 57 94 69 71 30 21 18 8 99 90 80 82 39 24 70 88 100 76 13 78 36 26 9 45 6 53 10 60 27 56 85 95 44 42 3 38 97 43 32 98 51 89 59 41 87 33 72 15 73 83 47 67 86 75 34 7 40 48 55 49 1 54 2 16 77 11
30 80 64 9 5 53 66 36 41 85 18 44 17 2 92 7 99 20 76 54 14 70 46 1 79 100 35 88 39 69 81 74 71 75 50 90 56 32 77 63 27 38 49 8 13 57 58 89 61 59
58 65 55 83 8 44 71 79 27 19 86 85 72 45 12 43 20 40 9 29 5 66 77 26 64 52 70 18 38 25 95 57 2 39 51 13 16 37 74 42 11 89 76 53 4 24 48 60 23 49 50 67 41 1 36 28 33 73 82 75 32 63 90 7 97 31 92 10 30 78 34 62 15 61 93 88 3 22 91 96 98 6
64 56 70 28 59 74 6 38 62 54 2 82 49 21 69 66 61 19 39 78 17 57 85 26 11 79 24 36 52 65 63 3 99 100 88 22 96 25 68 34 90 94 97 47 10 35 45 5 87 31
99 30 47 40 5 24 87 85 33 88 29 3 59 1 13 94 8 60 35 52 76 26 23 61 65 92 86 68 17 11 90 34 20 78 71 37 7 4 19 56 55 98 51 15 32 39 16 57 73 31
67 32 11 31 98 60 38 86 72 79 43 18 8 92 12 69 29 54 52 23 83 70 5 40 49 58 19 90 30 97 26 74 37 95 62 6 34 55 47 13 100 81 89 63 87 14 2 65 28 61
95 53 47 38 60 5 58 63 87 76 91 57 27 33 22 49 16 35 45 3 17 6 50 75 4 82 18 46 74 31 79 59 9 30 93 69 8 15 99 40 68 29 97 20 92 48 32 77 51 98
43 89 39 59 30 26 36 34 78 97 25 32 22 2 92 49 20 56 81 50 74 27 21 73 80 48 28 17 4 24 62 46 53 54 29 5 99 93 35 76 38 42 31 23 91 19 51 82 40 15
15 27 75 79 77 33 53 26 43 4 23 1 52 20 65 5 31 34 7 46 69 16 55 21 22 66 76 38 59 68 35 95 18 60 99 98 50 73 6 49 14 56 30 78 84 85 64 29 97 58
24 17 41 90 33 63 50 5 60 92 71 48 95 2 39 47 98 11 76 82 64 7 51 21 83 22 13 57 70 81 4 77 45 53 55 49 36 52 6 56 74 18 79 54 62 66 73 15 29 43 16 27 59 1 84 65 40 20 26 72 69 32 23 67 93 68 61 44 87 42 88 3 100 28 85 86 96 58 37 25 35 10 31 99 78 94 91 75 89 80 97 9 34 8 14 46 12 30 38 19
90 39 15 60 84 81 40 45 13 95 57 72 52 50 92 73 74 3 79 38 82 18 76 94 32 16 77 5 27 20 7 70 71 80 43 33 37 9 24 56 91 88 28 86 8 66 42 87 47 30
7 67 75 20 86 42 91 58 65 39 57 2 63 90 55 100 72 22 81 21 64 60 77 79 96 93 51 87 32 68 33 99 92 27 49 52 62 80 44 26 28 31 88 95 41 71 85 98 24 6 54
81 25 97 55 24 45 1 78 2 54 87 26 64 85 98 60 13 3 56 61 90 80 48 57 43 66 14 15 12 89 70 72 37 39 44 96 10 50 42 91 33 95 100 49 18 38 34 23 59 79
53 49 40 7 66 19 87 46 18 21 96 98 73 91 95 71 17 32 93 97 29 62 22 94 5 63 69 8 45 82 75 56 16 25 27 14 24 76 15 48 3 44 92 37 33 50 90 38 83 79 10 74 77 99 9 64 23 12 47 54 61 84 31 26
1 35 78 45 27 98 13 84 46 93 61 77 42 69 70 18 48 4 41 55 68 26 53 76 30 96 15 80 54 99 52 71 75 95 14 90 91 10 40 24 57 62 87 85 5 89 17 67 92 21 47 82 11 44 8 25 31 22 19 43 79 6 100 59 32 64 28 50 39 74 56 16 63 29 49 33 23 60 20 73 94 66 97 72 58 37 36 9 51 3 2 86 34 81 7 88 38
17 100 9 63 18 66 62 14 52 71 23 31 90 87 27 50 26 19 34 46 96 59 85 57 39 67 36 81 10 13 95 99 80 69 98 53 41 58 83 93 16 37 92 29 55 60 30 89 47 61 6 54 94 15 70 45 75 51 88 73 22 68 65 79 38 48 40 32 91 12 4 74 1 82 5 33 3 35 56
35 98 8 70 30 36 76 23 89 20 52 59 55 22 92 43 72 28 10 27 57 51 100 84 66 1 31 58 17 39 12 90 67 42 38 15 16 91 74 2 7 65 93 29 14 88 54 99 49 75
42 24 94 66 9 48 68 6 20 11 85 14 46 12 33 44 38 26 67 37 55 59 30 19 47 98 81 78 52 69 73 96 92 72 35 50 1 99 63 89 39 43 8 79 34 75 82 7 45 93
3 59 71 5 84 16 30 68 89 23 82 52 85 93 32 88 73 92 15 11 60 31 80 17 36 67 72 94 22 83 29 56 26 97 45 86 77 14 37 44 69 54 39 78 57 2 58 99 90 40
22 63 66 65 9 26 38 29 53 73 98 10 11 48 88 19 95 97 31 71 50 90 7 78 99 3 87 34 72 41 69 39 59 24 82 30 28 4 51 20 2 70 93 40 49 17 94 14 55 33
94 99 71 42 73 18 14 91 41 38 97 58 7 27 87 57 85 47 75 6 20 16 74 70 80 34 72 68 35 33 76 25 4 88 15 13 1 2 3 100 84 37 79 24 60 17 86 67 65 59
25 78 55 31 4 35 29 74 13 54 95 77 14 34 19 86 68 96 23 44 90 38 67 59 16 97 64 76 75 2 99 61 82 91 47 84 8 66 28 53 41 69 49 37 85 57 56 98 83 92 33 6 30 94 51 12 15 26 48 24 45 27 18 11 1 17 65 80 10 46 62 71 52 50
82 64 58 77 1 45 98 74 76 50 94 16 99 12 89 18 88 69 28 41 67 3 57 42 39 13 40 91 6 19 17 31 23 30 21 73 68 52 78 80 5 47 85 48 53 38 90 24 35 62
38 4 76 59 85 1 60 19 92 78 35 68 5 80 33 69 3 27 64 15 81 22 62 18 66 77 32 7 86 20 42 9 17 98 65 70 82 46 91 43 71 21 29 13 6 14 79 10 61 30 95 74 50 11 87 25 28 56 83 96 57 89 48 53 73 16 51 41 72 44 97 52 93 58 34 88 55 67 2 12 84 49 94 54 99 75 24 8 39 45 90 26 23 40 63 31 37 36 47
36 56 86 81 27 46 55 73 29 2 92 34 33 100 41 8 7 96 57 9 30 99 59 66 14 32 61 20 63 45 22 5 85 10 98 24 69 94 1 26 60 62 11 12 4 25 13 43 35 95 58 15 3 51 52 77 54 76 19 89 50 18 82 53 83 74 6 44 47 48 90 79 65 39
7 71 42 32 35 86 33 57 15 29 61 65 16 46 11 74 68 89 13 12 79 34 45 95 81 84 19 77 91 98 28 47 58 41 43 62 23 100 10 3 36 92 2 21 69 64 39 63 76 5 94 17 97 52 60 85
70 28 36 14 74 49 13 11 79 68 19 23 73 60 5 18 38 90 71 89 58 78 2 33 86 52 39 57 44 66 47 24 81 76 3 59 26 100 67 56 72 9 53 77 50 15 75 51 54 41
40 82 86 2 21 71 27 89 68 1 84 16 91 59 47 42 44 50 96 63 15 39 58 4 51 74 66 100 41 49 97 54 8 12 52 88 43 69 77 57 32 45 6 11 72 24 78 92 64 95 93 23 3 5 90 60 38 28 67 9 7 55 87 37 29 13 80 73 94 98 79 35 17 22 18 65 85 14 19 75 30 70
93 99 71 83 67 64 4 84 26 18 57 81 82 50 24 76 49 15 95 85 16 14 22 7 43 55 32 89 34 6 92 17 13 3 40 61 20 38 72 27 21 70 47 1 54 62 74 75 48 5 52 9 12 31 79 87 39 100 45 60 23 11
97 63 32 83 44 79 27 73 37 35 56 9 34 62 68 11 70 65 42 22 57 96 55 91 25 50 78 19 41 8 64 48 45 6 26 52 89 24 66 20 12 99 58 16 54 43 36 13 61 39 88 77 92 94 49 21 53 1 71 86 28 59 81 17 75 51 23 85 87 67 47 5 30 74 10 38 69
62 47 39 16 7 24 11 61 23 74 12 50 56 99 5 97 58 54 9 53 3 65 19 59 98 41 28 100 49 64 86 31 34 96 57 94 72 2 30 20 22 36 42 38 88 8 44 93 13 4 48 73 51 82 90 66 27 85 45 60 35 68 6 91 10 32 80 1 77 55 67 14 81 89 83 43 75 92 17 78 79 40 46 37 71
7 56 73 52 33 71 9 28 86 85 63 16 20 54 87 69 74 97 18 43 76 38 47 91 64 46 49 99 25 98 90 34 88 81 13 29 53 65 82 59 95 44 14 51 78 67 37 8 24 10 23 21 79 72 1 32 84 55 4 89 93 68 30 94 19 41 31 11 39 61 17 60 5 96 26 75
77 42 69 13 9 25 85 58 38 67 72 14 53 15 66 100 21 56 62 37 32 29 82 1 46 70 91 64 11 33 4 34 98 84 73 36 83 78 27 7 19 52 57 49 30 79 40 96 31 20
36 71 37 67 64 2 38 55 6 16 29 57 22 70 19 56 58 61 45 40 99 12 28 96 52 76 62 34 79 13 59 75 80 17 47 3 81 27 33 26 63 39 1 21 92 30 85 44 72 49 78 87 35 100 51 83 86 82 54 89 4 9 65 14 77 88 32 20 7 50
10 84 22 36 33 49 11 4 51 89 92 70 32 76 55 41 62 66 59 7 38 50 67 14 12 39 90 68 37 80 42 54 65 95 47 34 29 53 83 77 21 20 56 25 16 27 40 64 23 82 98 24 75 6 81 100 61 18 73 31 88 99 8 78 45 13 30
5 4 59 27 26 79 21 32 25 17 63 3 13 53 35 15 97 41 6 49 29 23 46 60 73 38 85 69 100 20 62 61 83 47 57 77 56 88 76 18 93 89 68 31 19 80 86 84 37 70
4 33 54 90 53 31 98 84 50 19 60 48 13 96 59 25 55 86 85 3 61 74 97 21 92 45 18 17 75 26 38 28 32 95 87 70 49 47 2 15 40 94 99 39 43 66 71 30 68 20 1 89 16 81 100 65 36 24 10 12 9 93 52 37 57 51 44 88 83 6 79 64 67 35 82 41 73 56 29
82 26 51 88 14 30 67 68 69 1 50 100 73 60 54 31 35 57 42 66 7 32 56 2 3 46 63 9 11 89 90 99 38 84 36 65 85 61 47 62 23 27 17 10 13 15 81 21 28 97
50 79 46 67 68 84 17 28 62 98 34 22 5 89 66 44 36 94 74 40 55 48 41 99 38 64 25 63 33 18 43 47 71 6 57 76 8 51 53 16 9 88 75 39 90 100 87 42 85 10
38 43 47 77 67 59 11 2 81 24 58 71 28 26 17 84 36 27 89 32 80 4 5 70 30 29 75 6 64 31 88 46 18 100 82 53 23 87 12 60 62 22 8 39 92 54 94 51 3 19 21 55 74 79 9 72 99 25 98 86 41 69 7 35 10 93 83 96 50 37 42 44 15 1 73 63 97 95 90 34 85 20 48 91 16 65 52 13 49 66 57 76 40
52 82 30 92 77 43 95 67 20 10 89 90 15 42 97 36 26 29 39 38 78 100 28 1 62 93 83 76 49 41 13 54 56 12 18 24 4 53 16 33 31 84 87 68 63 98 71 37 40 3
36 69 68 83 94 2 66 10 45 19 55 15 1 42 54 87 70 3 17 48 43 26 41 23 18 8 80 62 74 98 56 14 100 44 75 82 24 92 49 38 12 61 76 77 50 35 99 72 73 78 4 31 46 67 95 7 11 21 52 30 47 16 63 60 27 28 29 51 85 6 84 5 32 9 64 71 22 58 90 53
70 65 73 30 37 35 49 96 79 22 26 66 50 78 61 80 5 53 46 97 31 71 92 51 19 85 28 76 9 95 83 6 81 68 60 67 75 59 52 72 57 24 10 14 74 33 56 41 38 58
54 56 66 89 84 90 2 23 24 43 99 34 82 22 49 18 55 100 8 62 78 47 31 38 32 45 59 27 19 81 12 42 57 1 9 96 77 28 76 58 73 95 61 98 86 79 26 64 15 70
95 56 74 19 44 57 8 35 83 80 33 82 70 41 13 21 27 73 48 17 86 81 77 43 29 58 89 59 6 99 76 50 91 37 26 46 97 87 34 51 64 30 47 3 38 71 90 18 16 20 63 52 72 54 68 2
8 50 72 74 25 98 79 39 43 47 87 7 38 55 11 69 23 35 48 51 93 96 85 89 71 64 9 82 3 63 17 33 99 14 61 41 76 75 100 67 19 12 20 54 28 46 29 40 22 83 91 88 24 84 26 30 52
74 84 56 73 72 2 16 87 91 83 89 20 7 70 59 32 37 39 76 14 69 100 33 34 60 58 95 17 18 94 79 57 61 93 21 11 28 54 48 40 46 67 81 45 55 26 25 38 68 86
18 93 44 96 77 33 49 11 48 91 21 9 65 20 39 58 71 37 69 72 5 66 84 57 24 29 10 31 22 41 99 12 25 73 19 70 32 56 83 38 34 26 36 30 23 76 15 43 50 2
49 98 26 25 6 65 36 29 56 13 97 4 34 21 30 22 59 50 66 100 44 19 85 69 28 23 68 79 42 92 43 2 75 32 89 73 71 35 58 16 70 8 37 93 20 12 87 80 51 17 9 96 90 55 39 76 64 5 24 62 53 40 41 18 48 78 11 10 88 94 86 45
73 91 30 57 95 89 64 28 63 46 60 19 7 74 52 8 35 1 43 72 2 9 81 85 32 25 42 56 26 65 13 15 14 76 100 10 97 96 41 4 82 17 11 50 51 24 83 40 38 37
96 93 70 22 37 56 85 66 72 94 91 62 99 36 2 25 82 42 89 5 54 17 64 18 43 84 87 32 23 47 57 45 76 34 1 48 39 9 90 6 59 75 21 20 80 77 79 78 46 16 98 24 30 92 68 3 67 29 14 60 41 58 71 51 55 61 11
46 7 67 91 79 15 12 27 64 53 40 37 86 55 26 38 97 70 1 18 29 49 100 24 78 10 48 30 76 4 93 41 80 77 19 21 88 66 2 69 33 32 34 56 14 31 45 58 35 94 84 51 75 71 47 72 82 89 73 8 57 16 98 3 43 60 28 22 52 44 36 9 59 65 6 54 20 50 13 74 83 62 68 11 92 25 81 90 61 63
29 53 11 39 37 7 25 93 4 18 92 87 46 9 95 15 86 38 33 19 96 59 24 66 65 36 85 70 91 20 42 34 30 44 43 10 31 6 76 3 26 73 68 55 56 89 27 47 61 83 35 21 23 69 41 40 5 78 63 58 32 88
22 55 71 1 64 16 4 77 13 36 68 43 97 20 14 53 79 65 90 76 37 27 72 9 85 35 3 10 25 18 30 58 44 6 8 38 40 78 49 81 75 61 19 2 88 100 41 15 52 17 24 7 23 60 89 48 94 99 66 73 33 21 80 86 67 57 12 74 69 70 47 51 29 87 96 63 92 82 32 34 54 26 56 93 84 98 45 11 59 62
77 1 75 36 64 68 93 28 82 5 52 3 59 19 91 65 26 97 34 13 85 74 11 79 71 43 57 88 49 53 58 20 96 40 39 86 25 83 56 62 78 6 21 35 38 9 32 24 90 98
48 55 26 61 95 80 28 16 96 92 57 1 64 67 38 14 20 40 99 68 77 30 25 79 11 13 78 29 32 87 8 56 98 36 6 39 49 33 72 90 59 45 19 47 44 35 50 12 53 9
61 67 81 39 70 83 6 89 20 94 10 36 56 91 50 9 30 64 47 88 18 65 79 95 100 31 53 92 59 3 1 60 74 25 77 19 42 44 72 75 2 40 82 37 58 26 76 23 16 28
62 26 18 27 99 73 78 79 100 61 38 48 56 42 3 14 85 37 34 81 44 8 51 90 83 50 16 98 70 74 60 46 39 88 49 9 43 7 30 35 58 19 65 68 75 53 22 72 92 66 69 4 1 40 55 20 82 57 54 71 91 2 89 31 45 10 63 36 6 84 12 64 96 76 97 67 25 93 77 41 15 24 13 17 5 33 86 32 52 11 28 87 29 23 21 47 59 80 95 94
2 3 4 16 64 31 1 42 93 85 60 79 65 90 82 52 72 38 96 59 80 13 33 18 21 6 46 45 50 14 15 7 37 35 29 19 30 43 92 61 12 66 77 56 11 95 75 91 81 88 26 34 71 20 10 32 22 49 48 97 78 70 63 73 27 87 25 99 83 62 40 55 69 47 57 54 94 89 39 68 76 100 9
59 91 73 18 87 32 69 44 65 74 95 77 22 23 24 66 81 67 7 25 51 46 21 12 93 96 80 60 71 13 36 39 48 84 98 11 30 75 76 72 58 6 99 17 42 15 31 45 43 85
2 19 15 46 29 30 3 60 66 94 56 42 65 20 25 24 6 67 77 16 80 97 4 81 84 59 61 31 50 63 53 40 92 18 26 47 73 7 8 44 10 22 75 98 23 1 72 69 54 85 90 79 83 91 21 28 17 33 57 88 76 70 12 32
40 91 99 11 62 54 95 25 51 61 63 45 53 80 81 98 78 58 79 5 35 56 86 37 50 89 42 10 57 9 76 6 69 8 49 52 67 36 1 39 24 20 75 41 88 26 23 22 90 64 15 21 55 27 66 38 17 46 33 43 13 74 97 4 28 7 68 82 14 60 92 73 93 72 85 18 77 32 59 94 71 3 70 44 34 47 84 30 48
82 44 89 47 51 72 21 25 58 48 29 60 45 34 63 93 2 64 84 100 77 79 7 39 50 52 37 35 4 99 23 68 40 31 70 43 13 1 66 94 65 46 24 38 78 55 98 18 96 86 95 54 97 59 33 26 87 3 92 76 90 91 62 75 10 88 81 14 42 20 83 22 5
90 46 63 100 82 83 70 65 69 4 20 21 50 97 36 88 22 42 13 98 91 64 62 84 60 11 87 40 23 61 8 44 77 26 6 9 80 3 28 85 67 68 10 66 79 31 57 29 55 1 89 24 2 37 32 71 92 76 15 19 99 59 94 49
46 16 6 33 86 17 23 58 41 34 95 52 38 25 39 100 14 78 88 84 26 5 13 43 77 45 2 30 66 76 99 7 22 68 19 70 47 40 79 56 50 10 61 12 96 11 8 37 59 53 48 83 36 69 73 92 57 67 27 54 21 35
80 51 24 42 97 74 17 10 55 37 67 58 8 30 15 89 50 32 81 92 77 71 25 98 39 86 52 78 3 72 84 57 94 69 1 43 13 40 79 48 31 2 4 7 96 22 59 21 61 5
63 82 26 35 50 33 2 73 17 44 96 7 59 21 40 77 62 39 38 58 64 60 80 30 67 49 42 87 51 43 37 53 52 27 45 15 86 46 93 8 83 61 41 74 55 48 85 32 47 29
31 25 76 22 16 54 24 10 21 32 4 8 40 78 74 9 87 39 5 91 28 99 67 90 47 71 89 51 14 23 42 49 85 100 93 29 30 11 84 20 13 81 98 92 97 60 45 17 2 72
3 86 40 79 55 58 39 49 60 23 98 37 66 85 19 15 93 54 80 33 84 14 76 43 34 2 22 29 16 56 47 13 9 10 100 91 77 48 31 67 88 44 59 8 81 30 42 63 28 57 45 27 90 94 62 69 18 68 99 87 74 89 25 6 92 20 78 82 12 26 64 35 71 4 1 75 61 95 11 96 32 73 36 72
91 76 72 53 23 6 83 5 58 28 20 19 60 74 42 65 27 45 7 43 11 95 52 87 36 8 24 57 85 66 48 75 55 80 50 94 78 97 89 37 10 41 13 26 61 73 35 38 92 30
26 66 69 36 11 13 94 90 1 96 40 22 86 10 21 61 19 39 68 82 49 20 33 80 88 44 46 65 17 95 70 59 51 16 4 100 87 91 48 81 29 38 93 3 52 64 99 35 50 53
74 6 34 78 41 98 92 99 61 18 82 3 54 1 17 44 100 25 19 4 65 35 81 21 77 16 72 75 50 91 84 63 45 68 67 80 58 62 60 88 2 55 29 95 69 13 83 43 97 22 15 87 47 79 57 10 33 23 89 24 14 37 66 76 26 20 27 12 73 31 36 40 48 52 90 30 85 42 32 93 51 56 8 86 70 9 71 59 38 7 46 96 28 39 94 5 49
20 54 47 44 22 74 75 10 55 13 15 52 19 78 90 46 36 64 16 66 84 51 23 42 99 17 83 53 37 59 97 40 28 57 98 50 21 77 89 31 71 45 32 79 60 43 92 65 30 7
17 73 87 1 55 79 6 96 24 65 35 2 39 60 85 10 31 32 49 15 71 100 89 70 40 62 94 83 5 74 68 13 28 21 19 16 27 41 25 77 59 26 45 61 91 90 37 34 52 20 22 76 4 48 98 23 81 43
91 59 71 16 18 28 10 13 2 23 12 50 17 39 89 43 64 45 81 60 21 42 26 48 73 52 61 67 36 27 93 41 37 22 7 46 58 95 6 55 19 51 77 97 96 72 63 35 54 92 30 15 24 33 90 20 99 9 80 69 94 76 1 29 100 56 75 79 44 11 87 68 3 31 4 53 14 40 8 86 66
57 83 48 74 82 27 15 61 67 70 85 51 56 59 6 5 13 64 31 100 90 12 11 30 69 1 44 62 72 99 65 95 26 79 60 4 8 81 66 36 93 75 9 91 96 42 28 55 24 47
28 94 87 98 63 6 14 35 47 65 49 38 9 2 84 99 81 7 17 10 73 88 25 26 22 23 59 51 58 42 67 78 57 52 1 77 74 54 5 4 41 31 8 75 13 95 66 30 43 62
19 84 31 65 75 52 82 8 78 99 60 85 41 5 68 87 33 23 30 39 48 98 66 22 11 50 61 76 37 38 42 43 54 69 32 9 90 83 74 46 29 17 64 49 93 59 88 3 25 95
81 74 15 82 6 55 98 27 95 56 19 93 97 40 85 45 78 37 51 18 96 13 33 14 8 2 88 86 57 64 69 90 62 11 100 59 91 49 54 39 75 5 79 28 4 44 58 46 80 41 24 66 71 21 43 89 99 87 70 92 53 3
7 22 63 41 40 71 18 78 67 30 92 45 36 75 3 82 33 39 4 100 5 14 58 35 27 66 10 20 64 91 46 6 53 2 55 87 15 47 54 32 19 16 11 80 85 51 74 43 12 8
88 84 38 32 37 8 22 41 7 96 89 20 66 33 86 17 54 50 55 95 92 5 31 45 70 62 79 68 25 48 18 39 94 19 99 75 83 49 59 81 2 1 29 63 24 15 67 97 42 93 30 57 80 82 65 44 47
7 83 54 46 73 44 45 69 87 68 13 39 99 74 34 67 91 30 25 93 6 70 60 89 40 12 75 62 24 63 77 92 29 17 61 2 80 15 21 28 23 4 18 78 31 64 84 55 47 14
29 15 19 28 35 83 36 23 66 100 44 89 54 98 84 5 46 60 91 53 80 94 96 75 20 85 68 41 14 38 61 62 57 31 11 88 27 13 63 71 6 45 70 82 55 81 52 64 24 9
19 90 79 92 35 84 51 50 91 87 78 3 45 27 12 38 8 68 99 56 57 71 70 41 58 53 83 18 7 96 20 49 63 24 25 5 37 34 94 67 28 97 89 73 82 72 77 1 54 60
34 49 87 13 80 3 19 99 55 96 93 85 97 83 29 25 84 26 44 47 27 86 76 74 53 10 63 11 65 48 21 51 61 30 43 24 45 35 60 16 6 14 78 81 68 46 36 7 54 82
4 35 63 89 69 36 83 96 14 68 42 19 77 13 1 6 80 71 65 55 54 74 53 85 48 50 32 94 41 31 67 99 79 37 70 43 39 5 60 44 9 59 38 29 18 73 97 34 15 64 93 52 75 16 24 100 26 20 10 11 28 98 27 58 91 76 62 92 90 22 66 51 82 12
7 9 55 48 96 53 98 87 28 95 60 35 32 14 24 39 25 30 97 46 26 34 2 44 3 12 56 67 79 71 43 82 29 54 21 99 47 15 37 85 83 73 68 64 69 89 78 6 18 58 13 19 88 36 45 10 92 31 75 77 41 40 52 49 57
32 9 3 70 74 93 82 60 78 67 48 53 46 39 44 38 4 71 1 25 41 12 86 79 28 21 23 99 11 16 13 37 50 100 63 33 69 30 47 75 31 95 84 36 40 83 22 49 2 26
11 90 74 63 57 37 16 33 39 46 24 54 55 10 79 87 72 41 97 36 59 17 81 95 86 53 52 49 21 44 2 76 93 35 19 43 61 4 40 42 3 62 34 5 88 48 94 68 26 80
10 90 34 88 98 19 97 52 42 76 23 80 77 53 2 22 35 12 66 38 5 25 81 86 16 60 39 75 31 73 33 3 41 64 36 40 85 99 89 84 43 8 45 68 72 47 91 13 93 28 58 7 92 4 9 57
51 54 83 97 71 35 9 82 60 2 38 57 64 32 70 12 62 87 40 8 80 92 42 10 81 25 11 39 17 94 49 45 66 22 1 95 59 19 77 86 58 75 89 30 4 20 85 79 26 100
8 75 60 7 64 23 4 92 62 88 20 96 12 84 18 77 69 57 44 53 1 28 65 98 68 66 43 87 46 72 79 11 54 29 19 21 61 30 15 85 93 52 14 45 27 38 41 81 94 59 63 82 36 6 51 74 67 91 83 26 58 56 16 49 76 39 42 95 22 32 5 31 40 17 80 70 90 71 97 9 35 50 100
52 68 27 34 29 22 76 86 91 54 77 43 16 2 58 33 61 94 79 57 93 59 15 45 3 55 67 97 87 65 50 89 84 4 96 25 5 56 38 40 51 41 81 64 83 35 49 31 17 80 46 88 47 73 60 30 1 28 53 74 71 99 36 82 78 7 98 19 100 10 69 37 21 48 85 70 62 66 75 39 11 20 92 32 95 23 63 44 14 12 26 9 8 6
53 63 88 11 2 12 6 62 28 39 58 75 5 91 8 66 65 38 22 49 93 16 4 90 96 9 19 51 100 85 69 68 80 31 95 1 14 59 43 64 25 3 33 27 7 15 32 17 86 26 47 89 10 61 99 23 18 56 13 82 55 76 37 40 21 30 77 79 29 48 54 73 83 92 24 52 94 44 70 46
14 80 11 57 81 21 90 55 74 12 87 18 23 6 53 15 78 10 44 29 20 5 97 4 89 40 34 93 77 31 26 13 47 22 61 92 60 79 27 62 73 1 33 98 96 91 25 24 54 72
92 70 15 50 85 33 73 34 96 51 63 98 23 9 72 86 52 97 71 39 37 26 61 64 18 21 79 46 10 6 55 84 24 91 99 28 81 80 75 90 40 95 53 87 100 66 54 14 45 57
19 5 88 71 46 75 81 79 52 59 67 72 87 97 8 65 1 43 22 66 63 68 25 2 10 37 16 39 26 100 90 29 94 56 78 28 27 49 80 93 89 98 4 15 82 17 13 57 11 40 9 51 38 48 86 60 50 23 14 84 6 61 77 20
48 8 59 68 51 71 86 99 38 77 36 52 23 80 25 74 50 1 54 13 34 40 58 90 4 89 11 55 92 73 61 69 29 85 88 21 63 49 78 93 76 96 100 22 17 81 43 41 37 70
76 66 23 34 8 94 83 3 79 39 15 70 68 75 24 35 58 16 36 25 71 65 81 19 22 37 85 50 1 92 13 43 57 84 26 98 5 97 48 95 11 91 64 82 77 28 45 27 72 30
8 39 78 31 99 98 66 76 69 20 84 63 36 52 87 11 35 42 9 50 60 40 10 23 16 44 86 14 96 83 100 53 47 71 65 45 29 32 91 18 75 70 17 3 25 55 85 54 38 24
75 96 89 22 2 19 24 67 13 52 86 18 44 54 97 100 9 3 72 7 47 71 39 42 50 21 31 40 79 29 83 38 33 57 37 46 20 80 26 84 6 91 53 87 51 78 85 61 4 82
34 36 76 47 69 24 16 66 81 96 75 6 5 42 61 79 68 41 86 100 97 26 20 17 62 12 94 50 27 83 92 15 30 31 25 87 95 80 51 35 7 71 59 91 77 58 85 43 98 89
96 66 83 32 77 47 26 34 80 6 48 92 63 3 75 45 69 25 79 84 2 49 82 30 46 37 4 81 10 33 86 85 97 31 76 23 7 56 12 58 5 91 65 8 51 40 14 16 54 52 35 59 100 39 42 94 87 93 57 22 43 1 19 60 99 71 9 15 24 72 64 62 78 50
66 33 71 2 12 51 95 18 55 23 34 78 39 61 63 59 41 91 36 1 14 85 49 90 75 19 17 20 5 70 74 47 28 8 81 64 31 54 38 98 21 97 58 87 48 43 35 42 7 27
85 4 96 8 51 47 27 60 22 36 52 53 46 31 37 15 91 45 99 39 20 33 24 88 80 40 95 77 54 38 73 94 26 84 41 28 66 55 35 34 100 32 3 10 97 64 86 9 13 75 70 79 87 5 48 83 30 90 74 82 16 25 42 43 76 62 59 49 23 50 14 7 68
85 27 42 16 91 51 38 94 23 64 75 34 55 20 89 13 61 10 36 40 98 9 41 71 60 21 6 65 29 24 46 99 82 79 30 76 56 47 66 70 17 43 32 37 72 31 39 25 57 14
64 96 46 97 7 9 66 8 3 73 33 12 28 100 86 49 34 55 60 80 74 2 72 78 70 37 35 36 30 99 40 16 98 91 68 19 21 18 57 94 75 79 48 61 58 41 89 53 43 23
35 83 41 96 57 88 81 34 3 82 93 12 17 58 1 69 60 27 18 43 21 72 61 24 91 5 50 13 84 71 37 64 99 74 46 65 4 51 89 86 29 23 44 15 78 6 36 49 66 20
55 34 63 36 80 74 59 52 95 19 57 11 22 98 39 3 50 53 99 1 40 87 7 62 77 89 23 70 84 69 5 45 21 37 35 60 25 4 83 14 96 85 8 72 29 18 51 67 9 92
75 86 82 5 17 14 94 58 81 53 89 42 49 11 3 95 61 100 40 57 23 25 31 67 15 73 19 39 54 13 21 2 79 36 59 29 20 35 52 64 4 74 44 60 32 93 83 45 48 80
3 40 81 84 29 62 82 30 41 77 16 95 87 61 97 34 5 21 71 6 48 39 55 2 46 26 35 38 93 49 33 88 83 89 100 43 57 58 75 63 73 24 51 79 66 1 7 23 37 42 60 32 47 59 31 94 91 85 98 67 13 28 17 72 20 14 80 10 22 86 54 74 69 92 18 78 90 25 12
33 29 89 13 30 20 68 38 59 22 83 66 4 58 42 5 90 99 72 53 28 60 2 82 40 75 92 11 23 55 49 84 35 61 17 16 65 56 9 80 77 94 32 25 7 93 10 45 54 21
77 52 78 33 24 20 44 83 1 65 29 19 99 94 87 85 22 79 21 58 37 35 39 89 38 80 92 18 36 97 56 14 72 50 73 6 61 57 26 46 81 51 25 3 59 28 64 71 54 84 31 75 86 68 4 53 10 27 98 60 90 74 62 67 16 5 49 15 11 9 91 42 55 70 48 76 45 47 13 88 82 2 12 17 93 40 30 69 34 100 8 23 95 41
90 25 46 43 68 3 32 75 18 96 64 65 38 88 86 93 37 33 78 22 30 91 100 41 12 20 40 17 97 31 52 55 84 82 92 8 6 66 63 94 14 11 62 45 21 95 89 83 57 77 49 73 51 4 42 79 69 70 13 71 34 39 27 9 53 81 28 50 56 26 44 35 48 67 1 19
86 88 66 91 15 62 47 1 8 70 43 96 99 32 73 55 79 4 65 38 24 30 14 23 40 56 41 72 6 34 52 9 27 61 16 17 36 31 80 100 11 76 39 82 77 54 64 63 46 18
40 21 46 13 52 93 60 62 15 95 76 17 39 70 8 43 69 24 97 58 28 18 74 75 6 7 78 48 88 2 45 72 14 67 27 20 10 26 32 9 1 23 89 53 3 94 83 35 96 4 19 80 41 63 51 57 11 98 65 85 25 33 86 55 31 77 56 59 81 38 44 90 47 30 37
97 49 68 95 98 80 89 19 88 64 46 65 58 32 96 82 73 24 13 87 38 72 35 7 69 14 8 77 40 25 71 18 11 30 92 91 9 86 4 83 47 55 45 84 5 100 39 50 63 85 48 59 15 26 20 2 31 93 81 79 56 53 61 60 36 67 16 27 10 75 51 34 6 23 43 3 54 90 37 33 57 62 29
18 24 69 26 3 91 29 83 13 97 64 95 27 20 90 28 99 43 23 44 82 84 98 2 50 17 74 67 39 77 53 4 46 55 48 58 62 86 76 30 7 14 9 61 36 47 87 56 5 34
47 74 26 6 12 33 54 24 78 27 85 10 48 23 51 71 7 22 84 81 18 97 57 88 30 50 69 2 92 87 59 55 96 9 61 99 75 80 35 40 20 90 29 49 46 45 63 28 39 73 62 25 58 72 64 11 14 53 86 44 13
3 51 33 63 85 13 79 43 47 53 7 100 58 95 23 1 14 12 50 27 82 66 2 10 42 25 80 46 16 19 92 96 28 31 8 81 45 17 61 11 77 75 69 84 41 76 9 54 78 70
78 54 2 69 86 52 7 42 23 58 39 19 72 75 49 22 62 38 56 13 73 44 27 93 71 66 28 65 79 9 77 24 50 92 76 90 80 87 8 74 18 82 41 6 35 43 47 14 55 34 91 89 67 3 1 63 57 95 4 64 99 29 15 26 70 25 33 17 40 85 48 37 12 21 98 36 10 45 32
42 92 64 80 16 65 63 47 12 75 5 84 50 91 28 23 99 82 86 25 83 68 1 62 22 79 70 9 57 61 76 59 33 49 95 43 41 52 54 56 44 24 10 13 21 30 81 66 45 85 73 67 6 51 3 53 74 17 100 37 8 46 2 14 27 96 69 35 71 7 11 55 78 48 40 58 90 4 29 98 94 36 89 88 72 93 26 20 39
77 13 12 44 38 27 70 17 64 36 67 50 19 66 76 45 75 80 59 29 79 74 30 26 39 78 24 5 89 63 93 72 43 73 65 41 40 37 15 51 6 57 99 20 16 4 91 86 94 42 49 55 48 92 52 98 95 35 53 96 82 23 8 1 10 28 61 90 21 71 62 69 84 11 3 87 47 31 22 25 58 54 34 68 88 33 81 14 85 83 97 32 18 7 60 46
31 53 82 12 24 76 89 49 52 17 19 7 42 69 66 27 14 59 47 92 96 28 68 20 83 73 54 25 97 86 15 22 60 63 9 80 79 32 37 40 57 8 36 71 67 61 51 26 100 39 85 10 88 6 45 43 55 23 5 70
42 8 59 89 22 25 34 75 20 24 18 5 95 51 39 44 45 97 47 50 3 29 37 92 54 62 52 58 85 69 36 14 1 57 56 67 94 100 26 33 35 31 91 19 73 16 28 99 10 90 48 6 71 63 12 82 61 11 2 30 55 13 65
70 12 8 69 9 71 56 6 3 76 61 16 43 11 90 42 17 7 13 20 29 73 28 93 96 59 62 19 25 37 54 24 46 84 22 95 68 38 50 86 65 21 27 49 44 36 94 30 47 89
91 9 93 78 33 43 12 96 24 21 76 14 47 82 22 75 67 1 25 99 44 4 51 55 77 57 89 31 20 72 74 79 11 100 71 17 48 68 2 84 8 54 86 32 49 60 38 97 80 39 15 16 64 94 63
84 77 23 93 21 61 2 62 73 7 4 82 66 18 89 58 65 24 26 72 49 83 25 13 78 80 60 94 41 85 99 29 63 74 57 97 91 17 92 10 15 22 81 59 20 19 42 39 3 87 32 51 40 44 11 55 46 76 12 34 27 31 45 33 9 70 47 6 100 64 86 67 88 48 98 28 38 95 68 1 75 43 36 14 8 37
20 11 77 13 65 50 4 30 66 42 72 81 91 22 28 10 17 54 60 79 76 48 18 45 88 34 62 85 68 32 8 19 57 24 31 3 73 14 49 69 82 80 89 63 55 92 15 43 41 83
77 72 98 71 54 17 37 76 27 91 32 79 75 50 43 6 9 22 4 87 55 15 83 33 89 99 68 35 7 93 82 63 18 24 49 80 59 31 38 64 29 73 21 41 70 53 8 60 66 100 2 26 78 1 34 67 84 47 40 97 12 39 25 28 42 74 46 58 62 92 65 23 36 52 85 30 44 57
70 34 20 24 79 35 29 17 4 9 54 95 74 31 19 93 49 81 53 75 72 44 68 37 30 2 78 100 83 52 13 82 89 11 7 45 88 59 67 96 27 84 3 5 98 97 80 41 86 33 23 43 38 90
29 65 84 13 51 96 47 69 57 67 63 61 75 54 76 12 98 64 91 90 31 94 85 71 35 56 87 28 36 14 62 100 9 74 6 27 33 81 40 18 68 92 79 30 25 19 78 23 45 24
64 36 30 3 26 56 9 46 57 44 79 18 72 5 55 60 25 52 43 27 95 89 13 53 10 19 28 32 73 78 42 77 54 49 39 80 50 84 6 4 81 14 24 100 68 65 47 66 67 40
85 55 37 27 68 51 49 7 94 26 20 56 50 38 15 24 33 70 66 78 36 82 59 79 21 53 4 86 22 43 77 28 91 1 73 97 44 74 81 80 3 89 34 63 42 100 71 18 83 72 11 60 92 14 25 40 16 47 84 61 58 45 76 96 30 87 9 57 54 2 75 6 52 32 64 95 29 19 8 99 41 39 10 65 12 93 5 35 88 31 69 13
84 27 75 99 36 51 96 11 4 88 95 16 56 90 1 14 50 64 70 28 34 67 52 87 53 5 12 15 74 26 45 55 73 21 89 81 85 78 92 7 19 100 68 94 77 46 86 66 18 31 49 47 48 97 93 13 24 65 29 41 63 58 9 33 2 72 59 42 91 79 10 57 82 98 17 61 69 23 43 54 76 39 37 8 35 60 20 3 38 80 83 25 6 32 62 44 71
89 96 75 38 40 12 99 80 94 23 55 9 11 24 69 34 6 50 25 93 31 67 97 86 14 10 61 95 21 78 63 44 1 66 62 58 56 17 79 36 13 60 74 49 2 20 82 22 19 71
19 43 90 64 22 13 10 40 73 99 56 28 37 85 68 93 41 53 1 34 80 17 44 45 78 83 2 84 58 52 46 18 66 15 57 92 76 63 89 49 91 4 11 50 27 47 3 12 36 98 82 71 77 8 88 16 96 32 70 55 54 30 97 21 100 51 48 5 67 39 87 20 31 95 75 81 25 69 23 94 9 61 79 33 42 38 86 26 72 24 7 59 29 74 60 62 6 65 14 35
18 36 92 78 10 97 22 79 35 11 80 53 72 47 59 76 62 57 4 94 84 81 82 21 74 39 50 93 60 52 90 23 100 96 69 70 13 14 41 42 24 49 26 46 3 68 19 77 12 15 83 86 7 45 64 51 48 56 95 20 8 61 87 54 99 43 71 16 98 5 37 32 34 38 73 30 65 33 63 2 66 6 29 88 75 89 44 25 67
19 100 12 64 40 32 5 82 20 18 97 61 51 30 69 52 38 21 63 8 94 83 16 54 60 4 81 43 75 11 89 35 98 1 86 34 77 58 70 72 67 65 90 59 73 76 62 53 44 29 26 46 49 10 31 36 71 45 91 7 84 9 2 57 87 50 48 80 93 74 78 3 33 42 13 37 85 68 99 47 39
43 70 78 24 74 54 63 76 60 1 81 80 13 15 49 86 31 83 21 41 26 8 4 58 44 35 9 16 32 7 3 48 87 47 94 69 100 29 50 68 2 14 51 5 57 20 79 85 55 12 38 64 82 72 73 46 96 37 84 39 10 6 40 65 98 61 23 36 18 28 71 89 90 59 75 95 66 11 77 22 33 67 27 52 99 62 97 19 56 45 91 34 88 17 30
5 67 14 37 25 40 89 7 35 51 53 55 27 70 38 32 71 58 81 73 64 66 99 98 59 61 16 36 74 75 57 29 15 94 3 65 43 30 56 45 23 18 92 76 11 95 42 68 91 6 100 93 50 87 97 84 72 85 63 77 41 19 86 31 60 24 12 96 88 17 83 2 52 90 47 44 34 48 80 4 13 69 26 78 49
87 37 38 46 88 7 25 93 28 74 47 98 36 75 29 85 27 41 34 23 79 6 14 63 30 83 33 50 4 91 32 15 3 54 26 42 97 73 56 72 61 13 48 39 60 81 52 71 8 78
3 86 98 19 1 20 63 83 85 80 48 67 33 46 76 73 77 41 16 93 42 59 11 21 12 88 58 71 17 4 89 60 30 18 43 68 53 15 95 57 45 2 82 7 5 62 26 32 39 50
57 52 18 16 43 81 89 41 67 12 20 65 27 83 15 69 85 59 17 10 78 62 29 75 46 91 94 79 60 63 22 9 74 48 93 39 84 45 28 32 51 4 66 72 34 50 99 55 30 100 3 68 11 44 77
36 96 100 51 41 20 91 12 22 2 63 11 52 46 90 32 79 64 29 15 77 87 50 59 33 61 72 39 6 92 49 9 34 65 44 62 26 99 7 19 56 53 98 42 57 89 13 8 37 93 94 81 48 3 38 1 4 58 43 82 86
30 100 72 11 83 75 64 42 98 6 74 57 82 41 38 68 37 19 78 12 29 27 97 45 33 67 92 20 63 95 59 69 66 89 60 70 44 2 91 71 84 62 94 80 46 56 5 73 35 53
55 79 70 88 78 73 1 29 54 39 89 35 98 64 86 6 11 10 45 94 12 99 87 83 15 62 61 5 18 93 68 28 50 74 25 23 67 76 65 52 66 97 38 22 60 59 16 17 95 90 71 48 3 34 92 37 40 8 33 47 69 42 91 9 27 53 82 80 7 32 85 14 57 30 36 2 96 44 24 43 58 31 72 41 84 46 26 4 51 63 77 100 13 21 75 81 56 19 49 20
72 64 25 44 76 16 42 69 67 40 60 99 71 82 3 52 58 68 31 37 38 53 8 47 21 10 89 74 70 51 84 77 61 43 65 49 22 90 14 1 79 94 95 45 73 6 83 2 13 80 98 97 34 87 86 39 63 54 46 41 88 11 75 78 48 36 27 57 55 85 29 56 93 15
22 84 67 25 21 26 62 69 11 83 34 24 46 57 51 100 80 52 64 41 8 27 70 40 89 32 77 71 15 93 90 19 18 96 9 54 14 6 36 29 99 42 49 75 95 39 85 4 73 28
72 48 25 13 54 87 7 96 1 29 24 89 6 97 2 18 27 65 95 33 93 47 100 71 53 22 43 17 32 91 69 21 75 66 42 77 57 49 14 70 67 92 16 73 39 98 79 80 31 55 83 35 3 52 99 81 28 9 60 84 51 37 61 34 15 26 82
90 2 42 92 10 88 14 13 93 74 38 68 80 18 43 96 97 84 7 44 69 36 6 52 99 79 76 67 65 40 46 66 41 75 78 31 26 77 73 54 25 72 3 47 57 100 64 4 28 94 63 19 21 9 39 11 37 30 23 20 48 87 91 61 56 34 8 86 81 17 45 27 85 33 12 62 71 98 70 51 59 22 95 55 60 50 89 35 29
62 66 47 68 36 6 39 45 2 30 89 40 53 49 90 42 12 21 81 79 85 33 65 17 24 44 4 82 60 57 88 8 27 96 77 48 31 91 86 99 1 37 92 72 5 59 22 83 80 3 74 70 76 15 61 14 19 51 9 46 18 26 35 50 75
39 73 78 64 43 30 9 42 61 65 37 67 45 44 76 27 89 46 74 53 59 99 71 18 33 70 25 79 55 84 100 68 97 91 47 98 5 34 13 10 66 35 12 7 21 86 48 19 4 62 38 57 17 52 58 90 14 51 40 83 1 87 69 85 15 72 63 95 93 2 49 16 56 11 29
31 47 20 94 40 59 95 97 7 100 93 13 37 57 18 86 79 16 30 39 50 35 5 61 54 36 68 65 21 14 24 29 89 11 92 27 81 77 74 64 67 9 98 23 34 76 4 88 48 99 58 46 72 55 84 33 28 45 19 60 90 63 78 52 51 22 73 42 15 83 49 10 91 38 56 75
1 3 24 57 93 19 72 12 45 84 34 47 52 44 49 76 13 33 80 65 88 81 21 74 38 41 50 43 22 26 10 46 29 77 18 15 51 67 28 14 30 100 73 42 5 58 36 70 32 97 96 31 48 83 2 6
68 53 31 38 71 7 79 10 100 43 18 4 78 58 60 35 89 84 5 48 73 27 29 36 57 47 69 64 54 1 14 65 26 9 99 37 17 81 61 93 92 33 90 51 83 55 86 49 39 88 44 77 82 42 97 75 66 56 2 34 22 6 28 87 96 72 62 41 30 70 46 16 85 94 91 13
9 20 27 49 6 32 7 100 80 23 36 79 5 54 78 1 75 26 21 25 55 95 33 60 74 52 11 58 81 53 68 10 62 99 97 12 50 40 35 63 16 77 47 17 30 22 89 91 28 96
14 45 71 9 73 84 53 4 27 67 90 33 83 78 61 65 51 92 40 87 3 22 17 75 19 42 81 5 38 94 11 1 26 16 79 59 82 30 62 63 60 2 89 36 32 15 72 41 76 25 7 10 55 43 74 86 6 23
8 42 68 57 19 34 44 47 10 14 4 72 2 9 24 13 20 88 37 31 70 79 53 51 18 96 35 52 30 91 48 12 67 60 65 86 21 59 69 6 76 93 36 73 89 77 16 97 29 50
21 30 11 7 69 18 10 80 100 19 44 89 77 24 70 67 88 50 78 87 4 98 59 40 95 71 37 26 82 9 45 3 57 15 66 97 29 41 93 72 20 92 46 68 23 64 16 94 33 54
47 12 30 49 36 14 18 74 71 11 32 98 28 43 95 92 52 8 51 82 24 2 61 29 21 85 70 23 64 60 97 37 16 5 20 69 84 44 34 25 7 77 58 46 27 26 45 40 10 94
69 58 74 81 91 54 79 48 8 80 85 44 75 42 82 32 100 6 76 99 88 43 31 77 70 14 78 13 68 28 35 52 22 5 61 89 64 45 23 51 96 95 34 3 60 10 38 18 40 17 65 86 55 24 25 21 11 93 36 1 41 71 53 46 37 67 94 87 59 98 39 7 4 97 27 9 26 19 56 92 15 30 47 29 50 33 84 62 63 49 57 66 12 20 2
28 99 94 97 73 48 78 52 98 58 18 56 80 44 6 45 100 61 24 16 9 90 10 62 39 14 5 2 8 30 19 86 46 4 70 29 36 60 67 13 76 1 17 79 22 53 92 71 34 85
50 70 79 27 15 44 26 49 74 39 34 2 86 33 98 25 68 55 47 43 5 94 75 90 23 30 19 64 69 12 59 51 21 1 52 85 76 13 31 36 88 77 65 61 66 92 37 3 93 18 73 80 63 40 53 83 38 7 100 84 9 45 17 91 8 89 6 28 16 24 97 60 46 72 4 32 58 95 41 87 99 22 20 56 67 54 71 48
66 87 79 20 98 18 68 32 73 57 44 10 93 77 64 80 62 71 67 46 7 15 24 38 22 51 49 50 78 8 11 60 74 91 92 39 52 84 95 59 45 47 21 83 40 25 86 19 72 82 94 3 96 99
58 92 67 36 21 61 82 40 89 85 18 72 88 37 45 34 31 59 13 73 71 95 9 68 3 51 19 65 87 100 56 1 26 64 28 41 35 96 2 91 24 94 90 48 57 11 8 74 6 83 53 98 62 17 49 33 99 42 5 43 25 23 55 76 30 22 75 81 84 7 60 70 15 66 14 69 78 29 12 77 16 63 38 97
83 12 56 32 8 17 42 93 27 7 45 14 18 70 74 9 24 82 48 39 52 81 31 1 55 71 69 34 80 99 78 29 53 11 20 15 3 2 54 58 72 16 92 67 96 33 28 100 86 61 87 22 77 85 64 44 66 84 98 40 73 94 26 59 89 19 65 6 37 35 68 62 63 23 76 88 43 60 75 38 91 50 51 90 46 30 97 10
41 23 62 61 35 20 71 10 34 39 86 51 30 21 50 38 74 5 77 14 47 60 22 97 24 70 32 19 42 94 36 15 64 57 44 29 85 48 55 95 99 90 79 37 52 45 91 75 78 6
45 28 1 38 60 3 54 55 79 51 72 70 78 77 46 15 50 32 83 20 97 7 53 36 84 31 37 43 99 5 27 19 87 41 42 18 75 62 13 47 73 76 90 12 33 48 10 71 17 59 81 74 100
61 39 76 41 43 96 8 32 46 54 14 45 47 15 84 24 28 82 74 38 92 6 21 71 60 94 49 7 81 3 59 67 91 23 13 31 68 33 86 50 64 35 9 16 65 78 95 2 87 18 20 17 57 12 10 52 48 63 72 79 90 27 69 40 85 34 93 51 97 58 30 99 53 62 1
2 99 38 81 60 80 6 77 65 41 48 32 54 23 44 97 94 20 47 88 93 46 3 36 40 4 86 24 8 55 70 7 92 95 17 30 33 76 85 63 19 14 71 61 84 91 50 52 62 1
81 48 49 43 31 17 44 56 1 73 37 41 61 100 89 14 11 85 63 59 55 32 68 96 57 54 53 83 2 24 95 42 82 74 99 25 69 40 29 88 34 97 5 90 15 46 98 51 62 76 66 77 64 13 60 3 78 23 12 38 10 7 67 33 80 94 71 28 87 52 72 92 18 22 36 65 70
75 23 27 85 92 84 91 80 59 64 41 39 100 51 18 3 60 73 2 13 67 4 9 43 1 57 55 86 40 29 65 50 79 58 37 96 90 89 95 54 49 94 97 36 35 78 61 33 42 11 15 34 71 32 98 21 20 14 19 76 24 53 6 30 81 74
88 55 31 76 18 96 98 42 66 28 20 82 29 69 77 71 46 51 93 95 100 74 12 1 24 78 43 34 15 6 22 49 73 5 54 19 44 7 75 87 59 39 41 72 61 3 2 27 23 60
82 94 38 22 28 34 59 70 32 69 65 9 78 57 93 20 19 96 87 64 89 43 91 47 56 37 5 72 80 85 52 83 10 97 55 68 13 54 99 14 67 39 63 2 48 61 58 33 24 100
59 87 89 2 97 82 14 69 54 92 18 55 5 84 65 96 94 34 73 7 21 95 15 68 58 29 51 93 28 99 44 1 32 75 88 76 77 41 38 63 4 86 100 36 47 48 71 46 3 27 23 31 37 35 72 26 39 91 74 13 56 78 70 50 43 57 17 52 53 60 6
91 45 79 96 4 94 86 55 15 34 78 18 72 89 10 5 99 69 83 14 32 64 52 75 61 43 26 6 41 92 59 30 84 81 100 23 19 51 46 39 20 70 65 77 88 7 58 85 12 82
8 91 33 77 20 83 62 44 74 19 52 25 87 41 88 73 80 9 81 38 75 94 14 67 49 42 59 39 7 65 6 17 32 90 22 1 37 57 63 100 89 55 36 3 64 47 51 82 12 2 54 35 58 93 15 18 40 13 28 27 99 5 45 60 96 4 21 56 11 61 30 97 95 86 79 85
24 29 71 87 52 92 97 27 72 67 54 39 91 49 10 22 90 63 57 23 11 37 26 51 96 14 15 53 80 33 56 77 88 69 73 79 20 50 100 32 82 84 60 85 94 98 66 16 35 48
92 96 89 29 46 17 36 81 7 4 26 12 10 62 59 60 6 9 95 61 99 76 54 58 23 65 41 94 90 38 3 32 30 77 13 64 53 57 66 75 68 100 51 80 11 67 35 91 82 98
89 77 48 39 60 7 92 83 84 22 69 56 51 28 4 14 3 75 71 74 17 79 26 24 2 80 49 57 21 76 19 5 70 53 6 46 42 44 32 61 95 30 54 81 100 41 88 9 31 15
87 77 30 67 5 25 39 60 35 59 42 28 96 82 23 11 17 63 74 38 91 83 14 10 27 48 88 80 19 93 54 1 73 33 21 56 72 51 64 18 52 57 7 22 81 16 69 86 89 41
15 90 1 22 86 63 91 25 17 53 39 96 85 99 18 56 47 48 32 66 68 55 94 72 58 73 38 92 5 8 97 28 67 78 81 57 89 82 70 2 88 30 98 51 10 46 26 36 83 24 52 50 64 23 33 74 87 42 65 77 3 75 37 71 80 19 84 49 69 95 54 60 43 59 27 6 100 29 21 40 93 12 14 45 9 61 20 62 13 44 31 7 11 16 4 79
95 39 63 93 19 56 34 28 17 45 74 91 7 25 1 84 22 23 51 86 31 70 53 76 80 16 12 68 2 5 43 94 38 33 65 100 83 3 58 11 66 61 29 41 44 75 50 98 48 88
83 94 59 18 31 81 34 40 22 26 66 37 77 69 25 98 86 93 84 32 27 3 7 67 96 33 90 11 41 2 88 19 57 4 56 42 85 16 53 54 47 87 12 51 45 64 68 73 20 48 99 52 9 6 35 8 100 14 89 5 30 78 63 58 76 36 82 71 79 75 24 91 80 23 55 44
72 27 100 13 42 39 89 21 92 91 38 60 87 74 23 16 11 67 32 50 17 45 47 55 53 5 14 88 62 10 40 54 22 8 99 69 79 51 12 96 24 61 9 7 63 80 66 86 73 25
4 21 6 33 75 42 59 81 29 46 98 70 38 49 10 74 23 95 72 39 71 27 94 62 54 58 36 2 51 85 24 67 78 37 13 77 19 91 88 8 79 56 97 83 43 55 12 99 68 87 86 76 73 82 18 35 9 20 3 48 52 15 66 65 1 28 14 53 60 89 93 32 64 69 11 50 61 30 5 34 80 41 16 63 25 31 84 45 100 7 96 90
63 98 38 17 15 87 8 59 1 41 48 66 28 26 81 46 75 77 36 95 58 47 64 40 34 37 29 7 86 52 4 97 70 92 62 30 72 18 85 54 22 71 49 5 33 76 13 67 57 96
97 41 64 30 92 83 56 36 39 74 43 90 26 7 32 57 73 68 91 25 47 95 9 38 4 1 58 89 28 52 11 75 15 85 54 23 78 37 81 60 93 84 59 86 13 29 66 71 96 94
52 22 79 69 57 27 34 84 46 87 40 48 11 23 47 76 54 89 39 58 19 3 6 18 56 28 24 74 25 2 53 35 20 7 5 32 43 41 96 50 21 42 100 14 78 12 64 73 1 37
59 4 32 14 85 36 74 82 55 54 79 69 3 68 35 52 70 67 78 51 66 20 15 40 65 43 44 81 91 73 86 31 17 9 77 12 47 21 25 22 93 89 8 100 76 7 1 41 6 39 5 72 56 98 57 75
11 14 92 88 10 63 37 56 70 23 97 71 95 80 44 43 84 5 7 64 13 59 50 74 90 93 31 79 68 46 1 72 60 61 20 38 47 2 77 73 41 3 66 87 96 4 81 18 62 94
31 11 97 14 29 8 28 61 94 40 85 90 78 4 30 82 63 39 46 41 10 42 49 77 23 34 68 27 95 73 58 75 71 26 53 89 44 43 69 2 98 88 91 3 72 32 83 60 24 12 99 93 13 9 70 79 35 66 15 22 67 76 92 16 25 87 21 7 86 59 5
59 8 4 32 30 27 40 76 23 95 46 87 13 48 77 24 15 67 41 83 10 12 72 2 97 29 78 28 52 34 3 14 74 19 84 89 5 81 62 64 36 60 18 88 6 25 17 70 22 35
45 23 18 98 68 57 93 47 65 15 11 25 17 29 82 72 63 34 46 2 1 12 70 24 97 64 60 84 13 76 87 10 86 48 90 42 99 38 33 14 22 66 62 30 37 6 53 92 16 20
32 11 63 49 70 1 87 90 61 15 19 88 71 53 31 93 50 69 38 81 28 25 54 14 96 100 68 35 65 48 2 4 77 99 47 13 23 95 12 9 33 57 73 5 10 26 18 76 3 83
6 64 72 14 40 60 30 97 28 43 77 13 90 61 58 59 95 67 19 85 11 79 29 37 15 48 81 93 56 20 32 52 27 76 4 42 10 50 2 87 78 71 65 41 8 23 25 21 44 62 47 33 54 57 17 99 75 74 80 86 82
66 60 85 88 48 57 24 94 37 30 58 49 62 89 10 59 23 35 3 98 87 29 82 72 71 53 4 5 47 22 42 50 38 20 52 68 40 31 34 44 67 33 80 55 32 91 17 64 78 21 51 8 56 28 74 19 61 46 11 2 12 54 7 96 95 45 1 99 16 41 65 84 92 69 90 70 9 25 15 73 39 93 77 18
11 21 10 66 94 37 54 75 2 5 68 100 83 38 40 20 17 3 16 65 44 86 53 62 91 52 51 19 45 64 76 63 24 70 74 97 61 79 96 57 22 26 59 99 33 93 46 58 60 31 82 15 39 55 32 36 8 14 27 69 49 18 88 98 87 42 7 95 73 25 23 9 90 67 13 1 81 78 43 34
98 86 95 74 66 100 68 29 60 48 55 99 88 23 67 28 73 20 27 9 41 36 50 70 3 44 52 75 7 51 33 1 39 11 77 14 47 94 53 32 30 54 58 91 38 90 18 79 59 42 81 85 49 16 64 34 22 4 80 43 12 15 82 21
23 31 36 11 15 27 71 88 24 39 32 30 60 2 78 100 8 40 92 63 81 18 47 17 19 16 13 42 68 38 25 90 1 82 99 44 96 58 66 79 21 7 37 6 55 93 56 85 45 77 35 62 4 97 75 5 72 33 53 10 34 57 43 76 28 29 84 12 94 59 89 80 61 87 70 98 9 95 91 52 74 73 50 54 14 46 86 67
46 70 83 66 43 81 3 78 20 27 9 24 38 8 60 41 62 45 94 26 5 92 84 52 73 85 98 87 93 29 2 47 28 65 16 35 90 13 57 17 80 30 72 63 42 48 33 76 1 6
42 35 56 2 58 86 61 71 77 79 6 66 54 3 29 47 26 23 30 39 99 59 34 32 15 24 13 36 96 51 92 82 65 38 28 81 74 69 40 20 31 95 83 27 4 64 70 85 50 7 10 53 14 5 18 25 37 17
90 50 82 9 98 64 72 55 12 46 35 22 6 20 62 69 15 33 96 67 48 92 38 81 42 51 25 68 85 79 36 19 65 11 77 41 57 84 13 80 52 87 75 76 59 37 1 28 34 39
75 42 17 51 3 14 37 84 46 77 6 61 91 33 88 73 89 48 2 7 69 49 44 10 45 25 64 53 47 67 16 74 21 9 76 81 70 22 11 41 85 62 20 23 36 80 56 27 79 18
98 99 89 84 32 28 87 80 72 79 64 56 39 36 16 92 35 38 40 85 12 49 54 95 22 90 93 83 6 13 27 25 96 11 69 14 75 42 8 78 31 5 18 2 48 33 55 62 59 17
23 51 72 63 6 10 91 15 25 98 22 82 32 43 34 45 12 21 80 44 26 52 74 38 95 27 92 65 7 71 89 56 73 83 9 36 100 79 67 14 37 78 55 46 41 4 16 13 81 19 42 90 88 28 69 99 48 33 64 76 50 57 35 5 75 1 93 58 54 3 61 68 53 31 70 87 86 94 18 29 30 20 49 97 39 84 96 59 24 8 40 2 85 62 77 11 66 17 60 47
99 41 54 5 42 20 72 22 97 80 76 50 44 64 39 30 32 51 59 1 25 16 31 14 58 37 70 35 52 91 47 17 68 8 49 85 93 27 2 55 84 21 67 94 19 87 66 62 53 46 78 26 60 33 56 98 79 38 74 90 9 12 57 75 89 4 36 24 23 63 45 77 48 7 28 96 10 95 29 83 11 3 65
61 35 78 9 72 25 83 2 21 77 24 51 57 67 87 47 23 45 62 37 74 75 70 26 7 28 76 69 73 48 10 58 13 99 88 27 11 90 38 96 82 56 52 55 36 30 3 71 95 8
77 68 73 86 80 9 32 44 76 21 37 1 45 64 28 60 54 70 27 63 35 53 85 42 5 75 11 55 12 16 88 83 25 4 13 51 57 20 98 81 72 61 26 94 91 43 17 7 66 29 100 39 59 69 34 46 41 22 99 40 3 87 47 56 74 67 38 6 82 71 84 10 33 48
42 25 54 11 69 95 87 50 51 22 77 16 30 64 56 83 26 20 1 73 79 32 60 84 28 35 44 70 40 38 96 93 13 6 78 65 15 48 41 85 37 91 62 7 29 75 4 21 59 94
49 68 71 50 28 36 62 22 7 95 32 11 15 6 47 54 20 44 34 78 26 94 65 2 8 42 56 40 48 9 100 70 93 52 4 79 18 59 99 41 57 98 33 82 10 73 97 43 3 51 86 24 19 39 92 91 53 87
30 60 25 62 31 77 21 9 56 55 83 71 61 99 73 5 32 53 52 28 68 38 91 88 51 49 10 44 24 80 17 45 36 94 84 96 8 4 79 15 6 75 18 7 54 2 12 98 57 11
7 55 28 52 84 27 64 82 59 69 70 54 77 45 25 13 89 42 24 97 19 33 57 76 44 17 26 65 91 62 80 3 56 73 66 8 43 41 71 14 68 11 94 72 5 92 22 35 83 95 98 49 53 100 32 81 39 96 67 74 12 50 99 88 4 93 10 6 47 37 21 40 58 86 23 31 61 29 15 79 85 2 9 38 34 63 1 87 36
80 3 69 33 27 100 15 82 94 20 54 48 22 79 19 63 47 32 99 46 88 98 83 14 61 40 5 56 8 10 89 17 60 39 55 53 97 81 2 44 34 96 91 85 78 90 11 25 24 74
100 27 9 42 92 11 69 91 65 81 21 29 19 53 57 18 87 34 49 17 55 25 94 16 24 50 78 8 70 96 7 20 84 30 6 59 36 40 90 76 43 79 5 15 48 58 74 60 88 2
79 42 69 38 21 86 75 30 46 48 81 80 7 31 85 63 84 34 17 71 25 6 41 32 95 93 67 98 72 11 33 12 88 56 59 14 53 20 91 66 15 39 29 18 13 45 50 47 26 82 92 37 100 70 94 78 8 44 61 58
41 11 15 10 67 55 73 30 37 90 100 19 72 50 26 43 39 97 53 46 40 87 80 1 12 34 76 95 63 84 54 98 79 86 96 47 5 68 69 4 18 74 2 35 58 31 17 9 28 29
24 77 48 86 10 27 28 82 73 30 3 97 91 12 36 18 79 44 5 16 100 64 49 41 92 46 38 96 89 26 37 22 78 66 13 7 88 17 70 1 4 61 84 40 25 55 98 45 74 80 51 54 34 47 21 60 35 62 50 6 39 8 85 95 33
30 100 50 42 38 79 40 10 67 88 80 56 85 75 33 32 4 13 24 43 99 84 59 47 12 65 81 98 25 61 76 91 66 89 37 9 49 94 22 68 45 58 41 5 21 93 54 6 2 60 1 77 64 7 87 72 26 69 20 15 23 28 95 18 31 44 52 97 39
2 92 60 10 74 37 31 32 96 18 47 41 71 51 59 11 77 40 99 69 82 16 66 48 30 7 86 26 3 80 5 79 15 45 20 75 84 73 90 27 4 52 65 25 12 54 43 63 72 1
3 26 93 27 74 46 66 32 98 92 90 86 58 15 80 44 70 64 22 33 49 2 89 11 10 69 53 34 41 21 1 29 38 54 55 42 52 67 17 18 60 25 45 4 13 40 43 87 94 9
59 61 63 93 90 4 50 17 82 60 10 6 38 42 69 24 23 26 19 73 84 54 91 16 7 29 35 65 85 34 77 20 99 18 15 87 80 75 71 44 41 79 32 45 55 43 49 8 36 76
48 57 29 22 23 19 78 85 69 15 98 44 76 51 59 11 17 40 45 33 67 7 61 8 65 92 3 24 41 1 81 84 62 83 74 50 53 28 75 100 82 39 68 66 94 54 58 14 43 47 96 5 60 90 30 91 4 63 87 21 79 99 18 73 55 32 6 13 34 16 2 20 27 97 64 88 70 56 12 93 10 77 31 95 89 49 46
100 27 58 71 25 64 47 5 92 76 12 21 37 41 94 34 19 74 1 53 24 75 11 48 39 67 6 46 3 84 80 56 31 23 43 82 79 97 93 87 40 38 69 91 72 10 83 32 73 66 63 45 51
36 77 58 15 6 94 46 11 48 89 35 23 75 65 70 59 84 80 44 56 96 72 52 79 9 78 53 2 43 66 40 63 27 14 19 1 83 17 74 50 29 98 31 62 76 71 97 95 82 26
46 2 73 44 60 85 40 20 80 17 87 64 34 86 99 97 96 11 45 51 52 15 90 67 28 94 12 42 65 84 36 16 38 9 72 8 58 10 77 3 48 7 81 78 29 37 6 82 24 39
51 71 27 90 72 26 6 21 91 73 68 5 55 11 10 52 18 59 3 76 78 94 25 54 82 56 92 24 93 42 33 47 84 98 65 66 48 38 79 86 2 67 80 12 23 14 29 69 46 88 17 95 32 64 100 40 96 36 83 75 77 43 58 22 7 63 53 70 44 28 35 50 16 87 13 81 45 89 62 49 19 57 61 30 1 4 37 41 39 9 31 34 85 8 60 15
15 35 82 80 90 65 46 59 81 4 19 43 24 50 16 87 34 30 61 55 51 68 52 17 93 76 67 85 36 33 39 23 62 86 53 28 54 66 44 38 60 75 22 37 91 92 14 94 11 5
83 82 26 3 12 36 67 13 19 5 2 31 97 54 89 15 14 24 80 90 66 74 32 69 75 11 37 94 1 43 99 39 87 70 78 60 20 6 49 10 58 72 92 45 98 91 50 95 9 62
94 2 54 33 14 38 66 92 29 48 12 17 25 16 11 55 57 98 95 75 36 34 72 8 19 32 65 77 45 87 5 89 31 73 83 68 64 99 79 40 59 47 1 84 85 9 56 27 41 53
5 100 54 82 29 1 67 87 21 27 64 52 8 32 58 37 86 98 71 97 43 69 95 66 36 47 49 68 24 10 6 91 16 73 18 83 30 45 38 41 39 42 59 93 35 78 99 4 65 48
95 97 58 68 37 66 30 60 34 100 5 91 44 80 16 86 41 17 52 14 59 13 39 64 51 79 7 61 19 69 70 82 1 29 3 6 38 24 89 35 11 33 74 31 10 65 32 77 28 73
54 48 80 42 74 51 22 29 4 13 72 67 46 32 21 7 58 85 11 9 1 66 89 56 60 63 81 43 19 34 20 18 65 45 59 55 50 97 68 38 47 91 94 44 16 61 79 93 31 77
39 1 24 40 63 88 5 62 15 91 23 31 80 38 75 76 47 28 82 83 54 16 51 78 68 71 3 94 96 21 72 11 60 33 79 57 53 49 6 66 97 22 81 35 19 17 45 43 20 26 48
14 78 15 73 90 68 40 83 94 58 89 46 2 97 92 1 93 52 99 72 70 13 3 63 95 7 66 23 32 81 34 51 21 43 59 48 87 41 12 16 22 39 82 25 98 60 5 96 79 74 85 35 9 10 75 28 19 33 29 47 67 37 4 18 26 11 20 86 69 8 42 64 53 56 54 6 61 44 49 84 50
97 32 59 94 51 33 24 22 30 70 46 26 79 62 87 42 37 76 81 1 41 47 23 38 4 78 93 36 49 57 55 6 65 45 72 43 2 89 98 28 54 21 83 63 96 50 69 25 53 88 48 80 90 100 11 7 95 66 35 91 34 17 13 77 92 18 84 9 10 39 52 82 73 19
93 91 86 60 90 66 2 39 70 63 5 81 67 8 69 80 98 76 43 26 50 22 78 1 57 65 28 15 37 38 84 21 14 61 72 71 18 9 54 23 88 89 74 4 55 79 49 97 87 41
8 66 11 24 59 87 64 16 10 75 13 6 14 57 3 22 63 76 50 95 7 74 61 98 89 15 79 19 99 83 94 90 17 9 36 30 37 39 55 93 92 69 78 97 58 41 62 73 100 40
76 93 17 87 21 47 44 99 89 67 92 84 61 9 81 48 27 37 29 18 34 30 31 74 5 1 22 2 90 96 88 43 11 46 86 72 33 19 75 63 20 38 59 65 53 39 25 82 83 8 16 70 32 23 10 12 91 55 26 60 79 73 68 7 49 77 6 71 54 15 41 40 51
72 95 73 100 52 44 71 23 10 48 7 85 84 17 13 47 56 40 90 45 9 94 83 26 41 70 51 19 68 16 66 31 8 77 74 87 55 15 63 75 64 21 97 58 67 3 11 53 82 59 32 96 1 79 20 46 92 22 88 33 60 76 65 39 38 30 69 34 5 86 4 49 43 42 35 57 93 50 18 81
37 6 89 51 52 18 40 44 39 10 64 7 34 90 4 99 66 22 28 67 36 46 93 65 91 19 59 45 20 15 55 41 54 47 74 62 56 26 79 81 68 1 49 8 33 13 14 100 23 35 9 25 31 50 73 32 77 98 97 16 92 5 21 75 95 48 78 58
6 4 81 49 73 78 8 94 34 60 79 91 19 75 98 39 83 33 44 52 30 25 27 68 5 62 97 74 29 84 58 10 77 2 21 26 12 23 100 37 22 43 86 13 72 42 56 66 71 67
83 82 85 59 90 54 33 58 37 10 43 30 45 89 31 70 63 62 27 13 92 25 20 47 49 91 76 17 77 53 29 36 15 71 51 98 16 23 65 42 66 4 84 55 80 14 88 81 8 52
70 90 73 94 71 28 59 91 35 80 39 33 13 95 25 44 41 83 60 54 99 74 96 68 84 18 26 67 64 82 86 27 4 24 56 76 29 79 49 45 53 58 31 66 88 3 87 85 12 17 15 43 100 36 69 11 52 1 63 6
41 34 62 27 28 98 73 1 49 11 56 46 42 93 66 44 19 82 81 54 4 12 83 72 58 31 84 17 43 22 21 79 88 35 50 6 68 65 29 71 64 99 36 51 86 24 89 80 20 10
56 81 55 79 39 49 17 34 83 2 48 82 78 19 98 24 8 59 95 51 10 7 29 85 60 76 90 26 4 31 57 68 99 44 53 50 13 52 9 61 89 84 75 23 67 54 88 25 33 64
2 91 93 21 11 78 30 51 83 52 1 45 66 39 5 19 13 87 67 98 62 23 53 63 64 18 77 20 61 41 3 47 26 34 72 80 59 4 86 49 14 36 97 43 76 35 33 7 82 16 73 31 95 75 65 100 57 88 15 79 60 56 17 50 48 28 46 25 85 10 37 27 69
6 70 31 37 39 97 90 92 11 34 58 41 60 9 88 45 74 96 32 42 77 14 28 79 22 56 23 24 29 94 40 1 83 95 47 54 38 63 89 86 51 18 48 71 64 53 72 68 16 8 93 91
31 18 25 23 85 86 5 14 56 35 33 21 41 9 70 84 93 94 4 11 54 26 13 3 15 27 68 72 43 65 67 60 88 50 61 34 1 82 49 74 45 44 64 20 92 99 58 63 30 22
35 20 9 57 16 60 91 93 34 82 98 62 88 56 21 92 100 29 7 41 79 64 80 26 50 17 86 53 73 58 97 72 90 1 37 49 89 38 4 8 47 36 10 99 75 51 63 59 81 83 43 12 6 52 31 30 76 19 45 33 70 18 32 71 5 84 39 87 40 61 22 42 25 3 67 23 65 96 85 46 48 55 44 68 66 95 77 69 24 28 78 14 13 2 94 27 54 11 74 15
72 68 51 29 24 31 38 56 98 76 40 23 4 43 80 22 55 69 74 85 33 8 47 53 88 97 26 21 48 28 82 75 57 5 61 59 50 30 86 91 46 71 66 52 49 87 6 90 19 64
62 11 41 97 44 90 77 88 71 45 54 33 30 67 37 92 56 49 24 20 55 40 72 43 81 32 1 51 13 93 91 66 82 96 22 17 57 26 50 73 79 68 46 53 16 86 63 85 5 70
24 21 33 42 36 31 18 94 100 16 45 54 30 92 67 22 12 88 97 5 46 32 14 62 37 61 65 26 57 78 99 58 20 66 96 75 8 25 34 74 10 15 76 93 56 86 53 50 49 90 79 19 82 29 51 52 91 13 72 43 87 70 77 80
62 86 17 28 71 33 22 92 60 27 12 5 9 87 10 29 7 54 40 58 72 83 63 8 3 97 44 23 91 53 1 89 77 41 6 21 65 39 15 47 98 37 75 67 43 30 64 46 76 69
41 22 78 4 10 50 18 9 36 80 92 56 39 48 71 57 60 29 93 79 63 11 75 86 42 98 68 83 67 53 35 13 69 15 99 34 23 28 2 47 27 82 32 12 21 44 19 64 37 16
24 38 66 29 40 26 75 58 19 45 98 59 14 4 47 18 69 51 63 34 2 79 82 64 52 54 35 68 80 84 71 16 7 8 10 32 88 37 96 27 62 31 23 6 60 100 72 97 5 41 83
70 7 14 90 15 17 63 99 56 93 43 67 64 76 34 97 1 95 66 37 21 19 61 39 92 80 10 75 5 91 87 53 3 78 79 68 84 77 46 57 59 13 83 72 82 71 31 6 22 24
39 57 94 14 22 84 30 33 50 100 92 67 45 69 65 6 70 38 72 26 7 60 63 51 53 85 64 59 34 58 28 13 88 20 31 24 89 21 77 43 44 74 27 18 19 49 56 54 93 11 42 61 8 2 48 96 95 97 37 79 46 73 90 35 41 9 4 91
44 64 79 17 91 56 1 67 74 90 96 18 70 8 68 5 30 95 40 21 15 86 41 100 6 94 54 84 32 53 23 65 3 33 48 2 80 89 35 52 87 85 45 55 78 9 43 71 31 19
77 85 52 23 25 47 76 88 44 78 3 48 10 64 16 6 59 66 84 24 98 33 97 14 21 22 83 80 17 5 94 61 54 60 90 2 9 69 99 40 32 89 68 87 4 95 37 35 86 26
96 3 46 24 15 65 77 17 44 71 78 92 8 57 86 4 7 87 22 32 21 53 5 60 10 58 42 85 20 90 29 6 33 82 14 40 36 39 43 98 37 9 56 79 31 76 59 75 11 89
88 75 11 63 59 87 38 21 77 89 73 27 19 22 10 70 26 57 31 32 9 30 85 44 15 5 24 41 37 6 39 97 40 1 53 86 100 74 90 23 64 76 66 14 17 33 79 98 72 94
18 90 37 98 22 48 7 64 96 84 63 79 54 59 94 20 76 72 71 62 38 25 86 47 81 75 4 51 30 34 36 93 50 27 67 66 92 1 87 39 26 56 11 33 74 80 15 57 73 43
42 100 81 48 88 69 22 25 50 49 77 74 33 66 96 89 6 1 59 29 47 44 95 91 19 58 63 3 11 52 93 37 78 39 23 80 64 34 4 17 21 97 53 65 55 99 16 20 79 90
47 95 25 42 62 28 85 4 98 65 6 46 10 72 58 40 55 86 70 1 19 96 45 20 80 88 84 66 27 23 35 18 36 32 44 16 93 38 49 26 8 74 68 78 97 33 69 67 91 3
61 60 7 84 34 93 89 10 74 17 15 8 2 100 82 35 5 29 11 46 14 31 67 98 58 77 85 27 21 65 90 63 62 66 76 18 57 83 69 4 72 38 94 22 97 99 48 20 78 45 86 53 92
64 36 57 97 27 63 99 43 16 92 91 51 19 100 60 22 71 80 81 17 89 88 94 38 41 68 96 55 49 65 46 47 13 85 62 37 12 52 11 4 42 53 56 31 72 18 86 78 98 61
23 71 83 74 11 94 77 75 62 52 21 95 60 28 39 80 73 14 90 66 47 91 86 6 19 65 9 69 45 50 31 38 93 35 78 33 18 57 56 82 41 16 98 40 70 8 49 81 85 42 43 59 97 55 10 12 87 37 48 15 67 3 7 79 2 76 96 88 61 20 99 84 46 53 36 30 5 68 1 32 64 63 27 34 13 89 26 24 44 22 25 58 4 72 54 51 92 17
79 34 4 69 37 2 65 62 90 75 84 98 25 38 94 100 40 43 28 29 96 41 78 89 50 14 20 97 61 27 12 85 26 64 70 82 80 3 46 77 71 32 36 11 51 56 17 8 19 88
43 63 24 39 22 2 77 88 37 3 40 34 53 35 4 8 56 33 31 79 81 6 75 61 44 18 27 95 46 23 83 92 98 68 96 100 78 85 73 80 25 11 86 60 20 5 55 84 49 93
6 57 11 36 63 21 37 84 97 17 73 14 28 5 65 66 89 4 74 15 76 68 99 16 91 19 8 9 85 62 60 55 90 54 35 32 96 82 46 31 41 30 49 40 93 52 44 77 23 72
88 17 66 40 6 95 4 82 43 29 7 79 84 86 60 21 71 91 33 61 76 100 39 81 68 45 58 96 83 36 59 85 18 13 89 28 51 62 41 22 26 49 34 31 19 74 20 10 9 32
24 77 62 71 66 78 31 1 58 50 27 83 22 51 84 80 48 82 59 9 93 23 60 30 40 16 2 49 21 10 55 20 72 91 14 86 26 44 43 100 74 5 8 6 11 89 85 15 61 75 42 56 57 3 99 4 97 32 68 38 92 37 87 95
29 28 75 46 53 77 59 66 64 37 94 86 50 95 49 65 36 8 62 42 54 47 76 6 40 73 45 55 19 18 43 10 90 91 15 24 7 58 68 82 87 48 97 61 32 12 83 63 78 85 17 56 14 38 69 72 96 2 35 99 31 27 30 22 34 39 52 41 4 92 26 5 16 67 13
94 60 66 9 19 76 91 88 18 28 82 93 40 89 65 2 15 43 73 51 83 24 35 45 4 23 69 47 26 8 30 68 17 46 10 78 97 87 55 100 37 61 74 53 75 31 14 48 11 56 50 58 96 54 3 29 5 85 20 80
20 59 68 83 58 90 33 73 76 81 24 16 11 25 35 12 46 78 79 67 57 10 5 91 27 30 26 63 40 17 61 52 37 80 97 7 69 2 22 55 45 43 96 56 95 1 71 92 88 70 9 66 89 86 29 98 72 3 94 64 4 84 38 60 47 53 42 51 87 99 62 50 18 75 82 44 13 54 15 8 19
80 27 49 30 15 81 71 79 73 51 39 63 45 82 37 10 11 26 33 62 38 57 8 87 83 76 40 13 89 16 42 54 28 61 67 25 7 75 47 72 1 60 88 53 29 77 36 91 74 70
64 20 2 22 5 54 91 21 52 95 1 72 99 8 82 85 6 75 9 92 12 61 63 16 53 35 27 98 4 89 93 26 59 30 94 74 58 46 11 19 32 90 48 10 15 43 37 40 13 56
48 86 98 63 96 9 87 5 90 7 97 73 61 16 30 31 81 53 23 21 46 78 91 43 6 3 41 64 65 94 20 13 4 38 66 29 77 71 75 2 39 22 8 11 17 18 88 80 42 99
45 63 98 88 4 89 83 77 82 32 84 3 100 19 34 5 94 67 56 53 86 92 11 27 90 74 73 96 13 76 42 22 8 51 64 50 20 2 28 60 54 15 39 93 7 44 80 12 26 70 91 95 18 10 78 9 46 69 52 48 59 17 79 37 62 43 25 30 97 21 38 81 1 47 16
39 27 29 95 91 42 43 33 28 97 79 60 40 85 6 45 15 73 94 56 9 75 82 23 22 58 51 77 49 59 62 21 61 54 19 87 96 92 47 68 10 4 86 16 64 48 34 32 67 38
8 16 65 19 18 83 13 29 56 85 42 55 90 46 69 67 41 75 43 60 57 3 88 54 21 72 91 39 4 20 14 62 97 1 58 77 25 79 49 94 24 15 28 63 40 71 34 96 7 66 27 31 78 59 82 98 30 76 47 23 100 68 12 70 11 74 10 73 80 92 32 48 22 51 9 33 52 35 37 36 61
19 55 50 77 20 1 75 85 29 5 12 6 86 53 25 70 7 30 36 35 2 56 23 79 8 88 89 84 46 15 91 4 27 78 58 69 13 45 22 14 49 54 61 82 11 44 43 100 51 59
16 49 76 39 100 72 63 57 84 38 83 62 56 59 14 89 98 31 9 25 96 90 80 29 46 35 13 99 19 75 67 79 4 40 30 45 37 6 52 82 77 94 93 20 92 50 2 8 22 47 68 97 78 11 60 27 24 91 33
99 74 13 77 28 24 36 100 30 21 42 45 18 61 65 3 79 9 58 57 8 67 25 76 4 49 59 56 90 39 47 51 2 10 26 14 78 32 86 75 27 20 81 11 92 93 50 53 31 64
85 30 31 52 32 84 4 88 92 9 95 74 71 75 34 80 98 27 76 35 55 37 64 3 5 10 77 14 67 7 47 68 93 63 62 29 12 28 26 2 73 79 94 53 59 78 91 16 33 45 15 82 36 24 42 23 56 58 38 90 1 49 86 89 48 57 96 18 60 39 54 19 99 8 40 65 11 100 83 66 51 43 69 13 97 50 41 81 87 6 46
70 7 95 31 11 20 69 38 30 34 10 18 53 22 85 63 76 48 5 42 6 62 79 73 71 43 37 36 67 86 45 92 97 66 4 93 39 41 89 35 56 77 26 14 2 94 32 28 88 81 51 72 100 15 29 74 96 83 19 27 50 55 17 78 8 64 75 9 13 40 52 80 60 57 16 12 33 47 65 21 84 87 54 44 61 25 99
21 97 23 92 40 13 96 85 27 17 76 70 90 26 34 86 73 15 87 83 72 65 35 29 12 22 51 52 4 67 88 37 28 33 46 84 31 63 49 2 42 20 38 71 24 81 53 43 11 6 60 62 75 61 32 94 45 93 79 66 69 100 89 44 25 59 36 54 3 48 99 1 10 77 9 95 30 39 55
38 23 92 56 95 66 71 40 30 54 27 76 87 16 89 48 17 22 96 49 80 98 77 20 88 78 52 9 3 53 13 85 90 26 62 42 69 79 99 46 68 36 33 55 24 83 100 8 7 37 1 58 72 32 45 25 10 29 50 44 21 81 84 43 61 97 6 91 67 63 14 51 70 75 82 4 65 39 5 2 59 74 11 28 93 19 35 60 47 73 15 31 34
6 73 39 58 57 3 65 14 92 9 86 25 49 33 74 85 66 44 36 16 70 99 30 5 87 12 41 67 90 63 24 52 28 40 71 47 93 10 61 64 97 68 60 56 31 72 75 4 82 38 43 91 45 69 29 79 89 59 19 62 100 22 81 1 50 76 7 8 21 13 55 37 94 54 88 46 27 48 32 26 84 51 2 23 17
99 25 6 31 59 68 19 80 87 48 71 32 57 78 39 83 22 81 73 24 98 72 20 26 69 53 44 40 84 76 12 29 14 11 41 7 62 95 61 10 91 93 88 8 94 55 56 9 13 70
60 39 94 32 42 53 28 6 9 66 15 75 64 72 68 69 41 65 54 43 13 61 11 8 86 23 58 99 73 100 98 89 37 90 45 18 46 56 55 44 40 34 17 21 81 92 16 35 47 79 63 77 74 59 62 10 91 12
66 39 45 94 3 52 88 71 83 87 90 48 13 6 92 79 74 69 25 4 86 15 67 43 30 78 18 33 27 46 72 14 65 34 42 59 26 82 17 96 19 64 36 10 93 75 100 12 7 81 21 47 50 16 84 68 11 37 24 23 53 63 89 76 62 2 99 77 73 97 8 85
92 74 19 37 28 50 66 38 89 16 60 10 88 85 42 46 47 7 67 68 49 30 56 80 51 12 4 73 59 22 3 13 5 44 23 87 100 94 82 15 71 40 81 39 17 57 62 54 65 33
28 41 6 70 15 2 40 42 76 44 53 88 19 31 69 75 7 77 1 79 11 61 23 45 58 86 48 17 90 36 20 25 72 65 21 22 93 87 96 26 78 14 59 89 43 94 47 12 32 8
23 63 45 16 47 40 17 100 65 11 39 78 42 32 3 87 96 22 68 79 5 84 76 12 56 93 19 28 67 97 15 89 14 20 53 75 60 81 6 43 91 36 86 61 66 38 37 71 44 72
9 46 57 1 3 75 73 24 13 54 33 96 40 29 4 6 38 56 66 20 83 10 14 80 89 8 16 15 36 26 63 68 53 31 43 39 59 42 90 98 78 45 72 94 79 11 86 91 34 87
48 26 82 75 60 1 57 12 21 68 49 91 25 9 33 44 72 47 56 99 42 65 69 34 5 14 84 90 20 32 50 94 98 85 80 77 19 62 63 16 2 45 95 51 23 96 76 53 13 41
97 91 49 2 56 5 80 9 85 44 99 64 47 8 39 16 18 60 53 30 40 28 20 65 17 88 92 57 68 84 58 34 100 19 75 67 93 52 59 62 23 7 27 41 35 11 66 43 31 79
94 88 69 39 67 52 68 82 79 73 81 64 20 30 35 66 7 45 43 80 28 5 26 86 29 17 16 59 95 14 90 85 22 31 3 41 97 61 50 91 11 60 40 15 87 70 13 55 6 93 10 9 96 49 4 62 19 65 72 33 84 83 58 76 100 36 2 8 57 99 63 38 44 98 12 56 47 24 77 1 18 48 71 37 42 46 25 89 32 21 74 54 53
85 69 75 57 14 63 28 76 33 66 53 43 6 26 56 74 40 27 97 88 39 83 67 23 36 8 32 59 45 49 34 95 94 10 51 38 19 72 58 73 16 62 65 24 1 91 50 44 79 46 30 9 64 37
88 93 70 38 61 15 71 43 25 57 89 92 5 30 27 62 58 7 96 29 56 1 74 20 86 4 11 49 99 13 42 64 63 33 32 45 79 81 84 48 53 18 24 75 60 37 31 47 23 51
61 23 32 98 9 14 86 20 13 28 70 38 62 63 60 55 29 73 80 50 74 84 95 41 72 39 92 26 51 67 81 82 34 77 11 46 19 7 27 1 75 43 57 44 10 21 18 5 99 68 88 78 83 64 93 36 35 69 40 8 66 42 48 94 12
18 73 80 60 11 2 93 8 41 99 34 37 70 81 44 79 71 64 87 23 15 26 29 21 52 10 51 63 56 14 1 36 27 17 77 38 25 66 85 31 7 16 95 46 91 65 33 75 86 48
