500 100 50
18 23 63 13 83 46 92 37 72 76 15 73 1 61 2 16 22 3 42 8 28 45 5 57 64 85 62 80 34 54 55 53 98 81 14 35 20 36 4 69 100 56 95 12 68 9 10 32 29 26 94 41 24 74 30 6 40 49 44 79 82 11 58 19 38 75 90 59 77 99 93 7 84 96 25 87 86 70 17 43 97 91 88 71 78 39 31 47 67 50 89 65 21 60 52
51 60 55 21 79 75 78 45 65 68 13 36 14 95 41 97 37 74 66 90 10 18 53 58 99 80 54 47 71 29 6 20 15 72 93 56 77 85 33 61 12 40 94 100 17 49 82 59 48 62 84 43 26 30 92 50 27 35 38 69 88 98 24 64 31 9 3 19 67 57 73 25 39 32
63 84 62 46 47 23 70 94 75 42 99 33 68 96 95 64 58 17 4 34 78 98 54 88 51 69 83 100 41 57 15 9 50 24 13 29 48 91 39 93 6 87 44 31 56 19 20 10 90 80
3 29 32 53 21 45 40 99 12 37 82 60 93 87 14 74 65 76 16 25 19 59 24 69 6 95 42 4 38 1 64 62 90 84 67 44 70 8 34 5 75 85 49 51 20 39 83 26 15 18 41 94 2 63 50 89 56 13 47 78 33 77 27 52 58 10 66 97 55 28 35 23 81 17 22 43 36
26 6 2 17 43 1 60 28 87 38 22 73 24 80 76 50 63 52 45 8 34 64 13 69 57 31 95 29 75 56 3 20 15 19 27 21 61 41 59 84 48 71 46 9 93 88 94 12 82 92
69 29 10 82 47 67 96 87 54 40 17 91 46 21 53 81 84 66 18 55 100 36 12 59 76 80 94 30 5 32 23 70 38 1 24 97 57 9 27 61 19 71 20 43 4 78 41 37 28 92 16 75 6 68 35 39 34 99 79 73 45 50 11 52 49 2 64 42 15 90 85
93 19 63 82 74 99 100 38 55 31 81 29 46 24 42 18 14 39 20 83 8 85 32 78 16 51 13 1 80 70 57 64 6 30 73 77 7 53 66 68 59 75 67 88 33 61 43 15 10 56 54 52 72 69 3 5 41 28 96 34 94 2 21 4 50 22 12 65 92 26 87 47 89 27 95 58 36 11 35 37 98 62 45 91 25 76 97 86 71 23 60 9 48 90 40 79
34 94 71 30 75 76 90 69 24 100 74 67 33 32 39 49 99 92 84 7 14 87 22 13 60 17 41 82 18 21 81 56 85 36 8 98 20 83 11 95 37 77 15 35 31 64 63 27 48 51
29 66 98 55 1 41 89 20 72 11 71 30 64 17 94 85 12 90 44 74 83 31 49 79 88 21 6 86 84 15 62 58 13 35 40 96 56 46 28 8 87 57 43 91 93 75 39 16 7 52
100 10 87 25 71 69 58 5 9 41 89 55 3 16 23 21 17 72 40 70 80 45 66 60 59 61 29 6 28 11 85 32 99 62 13 47 83 53 4 36 50 56 63 46 76 26 90 15 20 35
47 31 19 49 45 46 55 22 18 50 34 1 87 71 17 54 2 48 75 62 40 16 67 61 64 14 74 6 88 58 92 36 52 80 37 95 7 8 72 94 13 89 98 26 57 10 5 86 53 60 44 79 32 96 51 38 70 23 11 99 39 69 65 12 77 25 68 84 9 30 20 56 81 29 28 85 90 78 15 35 93 63 66
87 80 29 41 51 68 8 2 49 74 19 100 12 98 65 6 77 21 99 38 3 22 60 61 14 58 73 95 85 44 79 97 76 54 16 62 35 25 56 84 90 78 55 64 23 69 66 18 37 1
45 17 65 7 8 97 64 31 91 63 50 93 80 66 79 85 41 15 56 60 28 23 95 55 42 81 38 4 87 39 1 75 86 9 58 12 84 13 59 70 44 57 96 76 43 19 53 71 51 94 2
3 88 61 11 99 14 70 86 31 82 17 47 85 12 57 10 43 59 33 22 94 60 56 68 58 13 84 83 9 44 79 8 67 38 75 45 49 81 69 64 21 50 72 90 23 66 4 48 100 62
34 85 35 45 11 7 92 69 53 67 42 60 71 58 15 74 51 77 72 61 100 10 49 46 48 37 5 25 70 13 12 63 78 97 94 50 9 8 75 73 88 44 90 55 64 52 57 81 84 20
98 86 41 47 88 20 51 26 29 81 4 58 54 5 22 17 11 66 90 38 32 9 56 39 16 67 53 60 85 36 94 99 23 79 62 73 21 59 35 46 30 83 69 61 13 43 55 10 75 3 37 97 57 27 40
24 55 51 11 53 2 28 87 52 40 79 86 7 48 68 72 30 33 25 80 98 9 96 73 15 76 41 78 39 16 81 100 42 32 75 4 29 62 91 21 65 27 22 64 37 26 83 54 84 77 56 70 69 92 95 97 61 89 18 71 19 20 14 46 82 94 8 34 99 6 47 45 36 12 38 3 60
95 57 25 42 63 30 32 28 88 82 47 35 56 29 97 14 7 60 100 38 2 98 67 52 80 81 77 94 61 96 64 22 93 62 12 78 8 21 36 76 10 49 11 85 71 75 31 84 79 9
54 96 14 48 75 85 94 86 80 62 33 68 90 83 74 51 50 8 79 55 38 44 92 36 6 7 32 76 60 31 67 82 91 72 3 78 49 63 69 70 40 65 21 9 42 12 95 46 53 19
60 82 49 21 64 22 98 6 93 69 53 16 68 85 18 12 36 28 46 25 13 74 33 83 59 100 45 51 4 66 55 14 61 84 35 79 11 78 48 75 44 57 56 15 94 29 58 24 3 26 5 88 38 52 92 10 76 7 73 47 87 9 90 81 27 30 95 1 63 2 70 19 62 23 99 86 72 42 96 32 41 20 77 67 54 37 80 97 65 8 91 34 31 40 39
82 73 60 11 64 63 26 53 96 5 6 81 55 7 84 95 50 100 31 62 93 40 25 70 77 10 28 8 65 12 9 38 66 4 68 72 19 14 74 99 97 24 79 54 75 47 67 88 87 27 78 16 85 34 56 15 17 43 41 13 1 91 71 35 51 83 98 33 48 30 92 18
44 13 85 90 69 6 51 2 26 59 18 76 33 5 46 80 83 61 68 19 23 93 12 7 82 70 60 22 78 86 97 56 42 50 52 99 89 34 14 98 66 100 8 79 57 49 95 94 9 88 40 37 25 62 63 29 15 36 31 4 47 81 28 30 27 48 53 24 87 73 41 45 21 71 55 17 84 16 67 43 39 32 11 92 74 38 77 20 75 64 35 72 1 54
3 68 55 18 85 71 47 44 34 8 73 31 49 4 15 53 10 67 96 23 91 42 93 13 76 94 98 46 64 58 21 100 63 92 9 69 2 51 52 45 40 75 88 37 35 5 24 77 22 62
73 65 69 93 61 90 30 11 97 48 84 56 51 46 83 38 87 54 92 91 76 10 41 33 53 9 8 85 86 29 40 88 50 32 35 82 47 23 89 13 62 55 39 22 31 18 16 19 59 5
17 60 54 39 35 96 57 11 69 29 2 6 42 71 15 45 62 34 88 23 52 10 82 80 40 94 85 3 68 4 16 28 78 19 7 61 24 87 98 74 100 81 27 83 22 77 25 92 18 72 75 44 93 90 97 5 91 20 13 21 55 63 41 64 53 73 9 67 95 37
21 59 75 46 66 63 28 64 84 98 30 61 2 27 18 94 92 41 97 95 38 73 47 36 25 32 23 40 67 85 68 76 9 93 24 88 12 39 58 99 54 42 74 33 4 7 91 49 72 89 8 48
19 64 87 8 39 45 62 36 65 35 32 70 25 20 9 71 57 33 38 94 1 79 96 13 60 99 82 7 17 51 75 28 43 72 91 29 18 53 44 16 73 68 66 27 54 41 37 15 6 55 84 89 86 61 50 23 48 74 90 11 56 49 12 59 22 30 14 92 97 98 40 67 47 95 77 10 93 63 69 78 58 4 81 34 24 46 26 2 5 42 100 80 88
54 61 95 37 10 36 13 5 12 18 23 43 21 40 28 27 71 67 87 4 85 9 80 75 42 14 11 77 100 32 84 55 22 7 64 83 76 58 59 41 63 35 3 51 26 79 56 33 1 34
93 41 53 31 47 96 78 22 70 66 95 14 85 10 86 63 48 17 84 15 92 21 61 1 19 28 7 60 94 76 74 12 75 5 13 89 54 49 87 80 43 77 37 44 34 72 59 45 42 90 88 26 83 98 39 73 36 58 97 62 8 29 18 9 79 32 11 40 82 33 69 3 57 20 2 99 27 46 81 100 30 68 52
56 39 45 44 88 4 26 31 12 92 8 28 57 53 32 5 61 27 71 37 91 89 84 87 47 18 82 99 9 93 64 33 46 83 10 3 70 65 66 41 78 29 52 43 97 30 51 16 80 63
42 26 3 8 49 43 37 16 80 41 29 77 47 22 76 57 99 51 72 34 21 100 9 19 65 64 56 52 84 63 46 79 15 4 83 7 24 66 32 86 40 60 11 23 35 96 30 92 95 78
10 33 5 90 27 78 31 77 81 15 13 91 62 23 9 44 34 97 32 67 14 79 74 84 89 19 6 94 66 2 56 7 28 92 95 58 21 30 53 26 48 98 25 11 47 36 71 86 87 37 24 61 99 50 42 20 73 55 43 35 8 54 3 72
25 77 52 99 26 10 35 19 30 86 51 68 93 67 96 89 17 58 57 11 91 71 29 56 1 83 55 73 76 12 16 44 3 66 41 98 49 33 59 45 61 62 78 36 22 84 90 23 28 50
82 36 77 57 99 12 46 13 7 11 53 95 41 66 10 97 38 76 50 39 33 25 42 5 20 65 35 94 81 92 14 71 78 44 43 29 37 83 24 6 90 85 27 75 48 100 34 18 3 86
82 74 29 65 2 25 38 7 57 87 35 23 68 63 92 53 12 56 66 1 52 93 86 46 79 31 19 42 44 73 3 4 88 80 50 24 98 78 48 60 94 55 20 84 37 97 71 83 70 67 18 61 81 11 33 27 58 89 5 69 6 85 59 43 15 77 91 75 26 90 28 34 13 30 8 54 41 64 100 10 36 49
18 97 39 11 40 74 15 91 27 69 94 35 38 98 68 52 32 63 59 36 81 51 29 3 99 86 83 88 25 56 24 17 79 9 89 76 85 65 37 77 30 67 14 75 92 58 23 45 47 82 70 33 49 20 72 28 73 5 26 95 34
76 39 7 21 57 36 26 25 6 19 65 17 1 53 90 31 22 80 74 82 38 2 20 33 86 54 70 35 68 9 52 37 69 41 16 75 4 48 15 45 29 18 62 40 85 50 66 10 81 5
2 36 43 41 47 68 27 76 7 93 8 45 15 91 6 31 77 63 12 9 90 46 22 65 35 89 26 4 61 18 56 25 14 94 84 98 92 88 30 21 59 33 82 87 50 48 72 85 73 17
79 46 71 18 52 64 60 35 82 11 6 31 8 81 23 20 33 17 29 72 21 34 69 85 91 98 74 67 73 83 97 3 56 45 50 28 77 44 100 2 94 41 9 51 66 32 89 87 5 43 75 14 7 19 96 70 63 27 80 22 88 65 58 57 55 84 49 30 36 76
6 39 85 32 21 50 1 82 68 51 14 66 62 7 31 20 28 78 98 13 56 22 36 33 37 80 88 53 3 9 72 59 34 54 57 44 77 29 35 10 70 69 71 48 5 42 79 74 60 63 65 97 52 81 95 93 47 99 38 16 89 2 96 40 91 26 30 100 61 94 45 23 86 43 76 46 73 27 64 92 19 49 4 58 8 67 25 75 55 90 84 24 17 18 11 87 12
19 61 74 55 24 62 18 54 20 34 44 77 95 48 31 4 7 76 35 1 83 58 75 39 72 64 97 60 15 47 29 67 57 80 96 99 45 88 70 37 26 38 46 40 42 9 91 89 16 84 49 30 85 56 13 65 78 28 79 73 33 21 8 43 100 81 63 98 59 17 6 69 22 12 66 94 82 27 36
73 66 25 34 27 71 91 54 16 21 53 61 80 6 35 20 22 45 46 36 98 44 14 51 43 58 63 47 88 55 33 10 28 15 70 97 9 99 82 41 75 18 84 38 67 77 42 56 93 65 86 40 26 2
8 70 58 2 57 82 64 73 78 22 18 37 27 11 88 3 31 35 41 76 23 96 4 34 99 66 42 72 83 38 45 98 86 44 17 94 75 48 74 43 60 56 10 54 21 24 9 28 52 19
9 51 97 73 45 60 37 85 96 65 18 21 54 61 79 46 47 24 28 33 48 8 34 72 55 38 30 82 41 52 3 90 78 100 2 6 63 20 1 66 56 15 77 57 91 13 31 43 58 59 93 40 99 39 7 80 84 17 76 42 75 98 16 62 71 27 22 67 23 12 95 10 25 50 87 19 53 74 32 4 26
48 36 23 71 69 39 61 94 22 26 66 59 83 38 11 6 70 3 80 88 82 86 64 13 87 98 34 30 68 75 40 52 25 41 50 63 45 31 77 29 89 76 33 93 16 73 46 44 100 49 47 99 60 90 62 42 67 54 32 8 57 81 15 18 24 79
45 18 99 68 11 17 47 53 82 27 25 41 92 21 26 90 28 9 96 70 69 13 42 95 78 20 44 65 83 1 36 58 73 5 67 23 76 54 61 89 60 97 40 64 59 86 84 15 81 16
78 29 85 40 39 14 73 45 25 80 7 83 70 51 32 3 65 34 50 12 94 44 82 96 35 22 15 38 79 21 47 30 81 54 17 100 24 48 92 13 84 86 6 43 11 76 41 95 93 20 77 68 28 72 19 10 59 9 18 90 57 91 58 71 97 27 99 52 31 98 46 74 49 36 75 87 55 23 53 56
95 56 84 47 67 97 62 71 38 12 4 25 10 98 5 6 41 100 3 44 69 54 24 80 27 83 65 42 81 92 1 45 93 32 74 17 78 59 37 2 15 46 91 51 20 49 23 82 52 99 75 94 60 89 26 16 72 34 77 79 63 13 61 88 35 30 96 29 66 86 40 85
92 14 61 99 6 40 35 94 5 30 86 80 44 2 7 32 3 17 51 27 70 88 15 64 9 57 62 45 72 54 60 82 10 33 4 29 53 81 18 98 77 38 89 74 22 79 95 41 24 73 65 66 91 76 13 8 90 56 47 25 55 83 48 50 46 43 26 16 34 68 42 63 69 97 19 58 21 36 78 100 96 71 75 84 37 39 49 85 1
76 46 33 45 42 75 34 89 53 80 8 51 24 60 25 92 28 55 97 83 94 52 93 41 10 73 23 26 43 56 11 48 2 47 22 79 65 13 72 38 18 88 64 29 77 63 9 4 62 31
53 81 63 6 13 73 54 68 96 35 76 52 41 71 60 62 25 26 14 21 69 1 18 78 74 12 2 80 51 24 75 46 58 85 91 64 39 95 82 65 33 45 98 5 67 90 55 36 72 9 17 27 84 66 48 19 47 92 22 56 37 50 8 100 20 38 7 79 99 97 83 43 3 11 87 4 40 30 15 42 86 70 49 93 32 31 29 34 16 77 94 44 88 61 10 23 59 57 89 28
61 85 42 72 88 9 47 53 92 5 12 87 80 31 90 74 63 6 35 36 8 26 50 82 10 97 56 60 65 70 48 81 98 68 62 75 23 94 38 14 78 52 18 30 21 71 49 45 7 55 83 1 76 4 46 54 40 84 3 13 89 24 59
49 11 13 97 58 91 95 45 100 43 1 87 73 28 48 32 6 82 8 64 70 56 80 7 22 98 86 78 39 38 3 71 96 35 83 34 37 69 76 15 94 41 62 46 5 14 59 40 72 29
49 65 51 23 40 79 86 70 46 27 62 78 48 77 83 1 8 88 20 4 57 22 26 33 98 91 24 84 52 10 97 73 90 19 45 67 3 30 60 16 17 11 42 82 7 32 69 41 85 35
46 80 35 13 84 41 38 36 18 28 67 59 98 12 11 5 92 76 14 50 77 47 87 83 48 7 17 90 27 1 22 56 32 24 96 53 54 60 73 68 16 64 3 91 49 39 99 37 63 93
95 17 30 92 52 6 72 60 88 67 43 37 5 47 97 44 78 15 61 57 10 24 41 25 20 87 74 77 34 91 45 94 31 68 42 32 35 9 28 81 55 56 63 14 46 69 83 2 19 75
30 17 70 10 75 46 19 65 50 77 82 79 43 41 53 85 33 88 100 94 57 97 84 2 80 49 99 20 72 90 21 62 16 55 69 36 38 39 78 13 96 76 32 26 73 89 24 28 74 23
22 89 7 75 81 12 64 79 41 92 39 33 28 6 52 87 57 45 85 94 38 46 93 2 9 32 3 8 58 70 14 76 96 67 1 25 68 29 35 91 61 13 44 90 59 40 31 16 100 24
44 91 21 5 86 1 4 83 87 46 89 14 53 62 28 72 50 63 8 39 58 84 68 15 18 75 74 13 70 78 49 98 25 88 42 96 56 19 9 61 65 79 69 71 30 23 31 97 95 82
68 2 26 54 81 3 61 86 1 33 99 49 9 28 38 25 51 77 71 76 98 16 21 66 72 27 95 14 13 32 50 73 31 4 12 42 48 6 87 88 91 60 55 85 17 67 90 47 78 35 23 93 15 80 43 100 40 45 65 18 24 5
17 19 79 10 30 97 37 39 34 6 59 35 2 76 87 3 83 91 99 15 12 100 63 98 69 43 74 42 57 13 22 5 82 86 33 61 60 23 31 44 94 65 14 40 84 27 20 8 78 21
48 59 60 61 77 30 24 11 32 52 22 13 5 57 80 53 98 65 3 51 81 97 54 40 99 46 41 67 31 9 2 96 75 47 85 90 21 45 69 17 28 94 68 43 42 37 72 82 34 20
10 88 52 57 70 64 73 69 6 59 9 39 46 49 20 96 53 48 58 60 2 68 44 87 26 32 3 80 21 4 16 42 45 62 7 82 98 75 12 5 71 89 94 34 41 77 13 17 65 22 81 90 99 63 43 72 83 33 27 74 15 50 78 18 11 36 66 24 56 25 19 61 100 23 30 8 86 40 79 35 14 51 95 28 93 92 29 31
65 85 73 53 22 62 90 100 41 39 75 40 23 26 25 56 44 11 27 46 77 6 37 95 94 74 19 36 67 84 81 89 38 42 64 21 61 55 88 24 34 58 71 1 9 45 87 29 79 52
36 75 63 60 86 5 13 67 45 8 71 2 30 18 97 53 76 91 39 50 27 70 47 94 81 33 77 21 31 59 28 3 79 35 98 52 46 40 51 54 66 16 85 80 29 65 82 7 20 17 99 41 42 100 61 83 96 48 38 23 68 12 43 44 32 24
98 9 8 53 51 10 11 37 73 4 27 2 80 71 52 42 64 72 1 93 97 69 86 66 18 33 78 85 25 32 76 54 89 36 34 23 49 82 75 94 46 91 39 68 70 84 45 77 81 55
86 19 18 73 83 46 64 89 87 42 75 84 57 45 53 38 97 6 40 12 78 82 30 63 65 8 26 29 11 7 5 70 15 16 24 23 48 49 96 43 92 79 90 56 76 9 3 55 2 17 61 59 51 81 52 27 1 71 98 10 39 100 77 14 95 99 20 37 66 54 35 60 91 34 13 36 33 72 21 93 94
100 62 22 98 99 68 24 27 75 39 57 71 73 41 89 66 67 29 23 11 44 45 18 84 20 48 91 43 38 86 8 80 3 47 58 25 61 92 37 7 59 97 77 19 74 85 21 60 4 76
56 13 3 87 2 80 22 46 98 83 37 12 68 75 28 35 30 93 18 62 42 71 36 51 11 76 59 90 60 40 10 19 100 58 67 84 8 6 7 27 94 70 1 86 48 17 9 38 79 82
73 93 89 16 2 39 50 96 26 29 82 95 37 38 5 44 77 1 98 51 10 58 52 19 42 80 40 30 4 35 83 3 8 53 27 71 45 65 47 75 67 88 34 7 25 99 15 78 48 14 21 74 97 61 57 91 62 59 94 31 46 22 81 24 72 36 79 56 32 92 87 54 63 60 70 100 76 86 28 12 85 13
69 14 80 77 90 30 38 84 36 37 87 48 41 74 17 96 47 20 3 12 61 67 89 78 8 71 60 52 29 25 82 49 53 63 92 1 5 50 9 28 62 85 57 55 27 91 51 21 83 99 73 4 10 94 2 56 75 35 86 54 46 33 100 81 59 7 43 40
32 100 27 2 53 55 39 82 75 80 19 94 74 4 12 57 78 70 38 15 31 59 33 45 95 14 90 42 68 17 79 67 69 99 7 50 8 30 21 61 35 37 66 40 22 73 52 81 62 48 1 91 49 24 41 87 47 9 10 92 51 56 46 34 93 11 60 43 18 83 86 84 58 3 85 71 6 29 72 5 89 25 77 20 64 76 65 16 44 63 98 23 88 26 13 28 96 36 54
53 62 54 58 25 29 50 71 60 86 15 59 38 84 96 55 81 73 26 65 28 4 46 10 87 97 92 93 16 23 22 36 8 94 34 6 40 9 56 82 12 32 30 77 20 51 83 43 89 42
7 33 92 61 98 88 13 3 63 89 59 78 20 39 17 36 55 47 37 87 26 42 53 32 96 41 97 72 38 11 85 43 94 35 40 58 4 67 18 28 21 54 52 50 19 86 48 25 80 24 75 70 73 82 44 91 83 69 93 1 68 99 76 2 22 65 100 6 15 62 45 84 34 27 74 23 49 14 56
10 13 94 33 30 91 89 71 79 83 11 59 16 17 61 8 47 53 22 38 32 42 2 62 41 97 100 60 40 49 12 45 87 73 29 75 66 85 24 1 63 3 72 5 19 96 43 44 69 4
94 6 16 74 89 11 82 34 9 41 100 60 35 45 98 84 48 76 65 20 38 78 87 97 18 39 81 2 70 92 1 50 43 7 14 52 3 96 17 30 36 51 26 80 19 29 44 73 63 66 86 64 85 54 10
6 55 36 23 1 37 49 64 93 44 100 33 91 96 78 97 35 43 32 90 86 62 12 40 14 70 31 46 11 79 67 81 34 47 13 61 77 16 26 75 65 73 42 54 2 41 27 28 99 10 45 95
68 2 86 91 50 26 78 4 16 79 7 82 73 23 80 43 20 71 60 12 13 53 15 76 29 84 33 92 21 90 45 66 49 54 24 27 1 95 52 40 72 93 100 32 85 3 19 18 25 30
93 35 79 16 67 75 95 29 54 22 88 86 11 21 96 4 36 77 69 85 2 26 34 55 45 99 6 56 48 71 13 38 64 19 66 50 53 33 42 90 40 65 81 58 37 57 73 43 92 10 49 61 68 47 18 5 94 87 52 76 31 27 28 51 39 78 15 89 9 25 62 80 44 3 12 97 46 7 60 20 70 24 8 63 23 32 82 1 98 41 14 59
69 98 88 62 47 83 25 32 4 6 14 90 71 39 99 2 84 20 86 78 94 34 23 29 40 12 97 48 9 58 24 96 85 53 18 89 74 50 11 64 31 36 81 92 63 82 21 67 72 59
71 87 65 88 89 62 25 16 92 48 52 56 17 26 38 58 12 54 40 32 6 46 10 73 72 66 55 64 19 96 7 20 99 43 13 29 1 9 34 44 94 90 2 28 85 60 74 14 78 68
16 17 9 68 60 61 45 35 52 64 1 6 47 25 97 82 46 40 8 53 4 3 44 27 94 96 11 86 59 32 50 77 36 41 67 76 48 88 31 80 55 74 49 22 58 13 23 28 73 62
33 2 44 75 63 12 53 82 3 67 40 11 55 88 34 24 48 18 93 22 84 39 96 5 6 57 65 73 72 47 25 21 8 91 68 61 92 71 23 16 19 49 26 97 80 76 17 20 56 14
38 86 29 88 36 50 69 21 13 94 64 11 67 23 77 46 27 72 43 33 8 1 39 2 97 35 5 61 48 32 70 12 45 28 7 76 93 59 66 90 58 95 14 3 98 99 16 78 41 89 31 60 83 49 34 55
80 43 100 92 4 35 7 15 69 23 77 48 75 67 71 37 63 12 33 6 16 81 85 82 9 49 90 24 27 41 38 34 68 20 28 55 96 91 56 21 53 25 74 66 45 72 52 36 86 95
82 33 59 86 27 47 79 85 83 57 51 13 64 37 58 32 71 88 80 18 49 70 35 97 65 56 7 66 74 69 29 12 1 60 41 14 11 87 44 93 75 22 4 5 17 98 50 67 6 15
49 18 50 45 29 90 97 37 7 53 60 65 13 24 43 35 14 5 16 87 83 98 78 66 8 64 73 86 39 20 57 62 21 38 81 84 92 99 11 91 42 47 2 26 100 96 48 94 80 41
15 87 100 52 16 76 44 86 45 60 61 24 41 56 50 79 33 5 38 93 20 14 39 17 82 78 62 73 3 32 59 8 72 21 99 43 42 30 80 23 91 64 37 53 94 74 85 29 48 35
77 20 70 42 17 48 58 27 89 71 43 55 44 29 45 19 54 93 13 84 1 49 91 94 100 78 66 52 74 65 7 25 40 31 36 15 76 68 14 41 10 5 26 60 95 56 18 34 39 81
57 14 50 16 20 47 10 91 86 92 1 21 54 9 62 89 36 78 31 45 44 61 84 96 19 25 99 43 51 22 64 32 12 26 42 39 97 69 71 70 95 41 13 98 5 8 53 35 94 17 75 48 74 4 73 11 24 79 67 80 33 6 60 55 72 87 23 18 30 28 100 29 59 63 49 15 90 3
20 74 33 17 91 23 25 45 92 97 10 7 39 11 8 37 50 46 27 58 21 32 72 55 38 34 90 36 75 60 12 83 57 47 30 13 86 9 78 2 82 53 61 71 76 87 14 1 79 26 49 44 88 70 67 28 93 63 85 35 73 69 77 62 100 99 6 56 43 64 42 98 81 51 22 29 65 3 4 31 41 84 68 80
98 90 19 62 82 22 28 12 7 91 40 45 31 36 94 52 39 76 57 65 89 16 33 99 61 72 18 8 48 3 87 54 34 60 46 78 77 64 55 68 85 11 6 70 49 50 20 10 24 9
23 54 57 32 12 88 4 52 65 79 71 92 42 45 1 11 75 29 18 66 63 17 99 37 16 59 73 7 36 70 97 78 64 44 58 72 31 8 96 43 87 76 98 69 49 91 90 22 48 38 40 5 27 100
66 37 89 96 61 54 55 69 30 97 82 28 11 84 31 40 79 73 95 49 23 56 13 51 29 45 81 1 94 83 63 25 70 92 26 9 38 93 77 15 60 20 71 87 33 91 41 67 6 53 76 36 90 35 27 10 59 22 42 8 34 48 75 58 21 4 47 88 78 50 3 19 98 7 39 12 100 80 44 16
60 62 84 49 91 96 57 33 6 98 36 12 48 67 25 85 87 8 5 19 89 42 82 24 71 4 54 55 86 94 90 92 65 32 16 78 26 83 80 41 74 11 9 70 88 7 40 52 56 13 100 27 73 18 79 76 51 77 66 34 14
70 66 20 32 57 1 88 26 22 72 6 41 14 81 75 71 24 5 17 65 33 48 42 44 60 18 61 67 73 7 78 8 100 91 15 45 37 34 52 94 83 23 35 56 25 96 80 21 63 92 38 87 77 28 89 4 46 54 29 62 19 64 51 39 86 2 84 85 30 90 99 58 98 49 95 40 47 3 59 93 13 12 10 43 31 27 53 55 69 50 79 36 76 68 9 16 82 74 11
24 5 12 85 73 41 48 62 57 79 69 52 27 64 14 60 37 97 99 81 58 76 59 92 56 13 74 100 61 93 70 39 68 3 91 32 33 87 89 16 78 67 53 18 15 96 1 46 23 42 19 40 45 84 72 10 54 30 55 17 49 11 94 7 38 83 66 80 44 35 34 20 90 43 6 77 95 22 75 50 51 63 26 8 2 21 28 31 86 29 4 88 25 71 82 9 36 98 47
74 26 84 58 73 80 77 2 62 75 65 92 28 81 94 9 70 42 69 72 86 31 11 23 85 13 22 63 100 14 64 71 89 12 95 96 44 98 29 49 16 82 5 8 67 40 79 39 41 60 61 76 68 27 19 87 66 43 57 83 50 30 1 47 25 51 3 78 55 56 90 35 38 53 88 7 59 48 93 6
39 75 89 41 31 33 81 66 8 62 96 80 63 68 88 97 19 87 25 64 35 72 21 36 11 9 50 94 34 91 32 46 42 92 54 52 86 16 95 7 4 47 79 20 17 78 24 18 53 90 59 40 29 22 99 85 82 93 57 23 55 2 27 6 49 44 76 12 60 84 51 58 10 100 15 56 14 65 43 71 70 13 1 45 30 38 73 67 48 74 69
62 100 5 70 31 81 57 83 95 50 25 23 11 97 39 84 80 33 90 36 9 21 64 60 37 44 98 24 12 2 67 85 40 10 18 30 96 66 15 19 7 47 94 41 52 89 29 58 46 68 13 69 79 16 8 53 55 73 87 4 1 38 26 99 92 63 86 27 72 71 49 51 22 3 91 93 75 42 32 28 34 74 14 65 20 56 54 88
80 74 62 78 22 54 55 18 9 88 29 42 5 32 40 99 83 57 50 49 4 85 6 92 77 63 94 33 70 100 76 25 75 36 21 66 86 65 41 26 27 19 90 2 17 35 37 7 56 84
23 35 38 9 66 34 19 74 13 42 28 79 80 48 21 92 56 67 95 41 98 96 90 75 73 97 50 31 30 29 69 52 72 40 1 14 87 7 70 18 99 4 91 65 88 25 46 86 53 71
80 66 69 47 82 99 19 37 73 79 63 61 12 43 91 75 64 7 24 83 71 56 4 35 13 10 86 39 59 8 76 50 62 48 41 30 67 15 20 96 9 3 28 85 38 1 40 18 55 78 60 29 11 84 100 27 89
46 27 12 89 98 77 67 45 13 81 8 5 40 56 85 42 1 35 31 38 30 87 75 14 53 60 49 10 11 20 71 96 26 34 16 24 25 36 88 84 94 80 58 50 93 51 90 68 70 32
75 13 26 86 31 71 14 96 21 48 25 82 36 39 11 57 100 5 32 67 60 2 9 87 8 81 49 19 88 80 76 12 84 46 7 69 55 63 68 64 53 18 27 42 62 17 47 40 45 93 15 85 94 99 74 4 95 90 78 91 20 28 44 66 56 83 10 3 61
94 33 27 38 90 48 96 67 42 25 84 57 66 69 22 47 44 81 15 13 63 52 50 79 98 76 29 41 43 12 77 36 7 21 89 73 74 1 23 24 55 56 11 99 3 53 32 62 2 20
31 51 20 22 78 46 14 25 16 91 52 50 71 6 100 87 74 41 17 2 36 82 48 98 93 69 80 79 7 13 84 70 86 67 95 9 38 26 27 76 83 40 10 8 66 57 92 73 39 99
86 67 90 57 7 23 99 3 31 92 71 45 88 20 61 83 41 75 49 12 74 25 77 43 51 50 58 69 22 28 62 11 35 30 16 78 29 2 34 54 10 9 19 70 65 5 21 38 27 97
80 6 13 17 72 87 65 38 28 31 50 23 64 7 96 30 24 95 76 52 84 90 36 78 86 14 48 77 100 81 27 55 69 2 39 94 16 42 67 62 1 60 35 66 46 58 19 3 20 33
62 89 79 96 22 37 38 90 30 26 33 56 78 87 4 44 45 7 95 18 39 60 85 34 66 75 36 46 32 50 74 67 42 92 97 23 8 40 17 1 59 58 65 53 83 61 41 3 51 9 100 57 98 16 20 76 12 13 63 15 48 94 55 27 82 11 73 54 84 91 43
23 61 86 24 66 44 89 64 74 28 20 54 82 81 17 72 33 59 70 47 62 56 79 38 9 34 12 78 8 21 3 73 98 50 96 41 57 13 95 45 39 69 91 11 7 42 52 19 32 31
8 88 96 89 10 98 95 84 74 83 47 53 31 64 94 45 44 11 7 23 73 6 57 80 37 36 76 69 29 14 16 75 92 35 38 21 39 87 65 68 55 50 32 85 15 81 33 62 60 91 67 1 13 71 97 100 2 5 40 18 52 93 20 49 27 30 51 63 24 43 46
86 81 1 88 75 74 76 11 33 66 43 2 84 100 99 25 90 5 68 89 19 6 14 38 18 95 73 65 12 58 41 34 36 70 64 29 69 80 42 78 3 98 27 35 22 30 52 31 13 51 15 21 47 93 8 61 91 39 46 10 79 59 97 57 20 23 87 96 9 67 60 28 82 83 77 16 7 24 49
41 8 93 60 100 91 36 63 76 1 64 92 98 38 18 33 30 42 61 84 73 44 82 65 94 55 37 7 40 99 31 19 45 21 53 27 32 46 3 13 50 47 69 56 23 59 43 10 89 57 49 62 95 81 77 39 54 88 16 34
33 14 94 100 98 85 84 82 6 29 30 52 93 90 47 81 20 66 9 59 17 89 21 24 51 27 65 96 50 73 54 72 38 78 64 46 18 60 77 55 10 36 32 31 23 45 92 35 15 91 86 67 28 13 34 62 41 37 76 57 70 5 2 42 16 12 53 58 43
15 4 6 13 48 38 52 55 53 8 16 96 49 75 26 11 94 42 84 5 69 43 31 28 76 32 64 22 20 82 27 89 79 39 78 61 80 66 10 57 24 33 63 50 47 21 9 14 45 37
42 88 13 53 16 31 77 50 40 62 60 57 6 69 45 11 3 48 33 93 1 7 38 100 59 14 47 87 43 84 79 20 32 94 18 46 9 64 63 23 83 89 5 99 25 19 81 8 68 56 28 76 26 74 92 95 39 66 58 72 29 24 27 96 51 21 15 70 90 80 54 35 65 37 91 22 55 44 75 98 4 78 41 71
80 8 17 18 100 50 52 91 88 68 49 12 69 92 3 6 99 72 94 75 85 36 11 56 14 53 76 28 9 37 5 13 83 67 79 44 81 84 54 20 96 66 73 87 27 29 25 58 61 98
15 64 81 46 54 30 6 55 99 45 70 83 63 98 68 97 72 8 90 19 2 32 22 59 41 48 37 60 73 3 40 49 24 25 94 10 62 27 89 78 29 75 100 77 9 7 92 56 39 14 76 1 82 34 23 42 79 91 38 65 43 85 57 12 17 58 66 53 51 35 16 26 33 47 96 36 31 88 52 84 18 69 44 21 20 93 61 28 4 13 87 11 5 95 86
67 50 3 48 42 1 5 80 86 41 74 78 26 34 79 28 45 100 14 57 30 70 83 92 27 29 17 93 51 24 82 25 59 10 71 2 61 77 55 76 97 94 90 15 37 65 81 21 96 75
1 97 99 75 70 92 77 15 88 7 39 25 91 86 53 42 3 9 65 47 45 34 59 19 81 69 14 43 8 84 23 21 4 72 44 74 46 29 89 68 49 5 78 83 24 67 18 38 64 79 31 54 28 48 56 60 22 90 55 6 95 58 98 13 57 50 26 16 52 51 96 41 66 11 40 61 12
59 26 50 16 56 100 42 77 45 90 44 91 10 64 35 21 83 41 43 87 62 73 15 93 76 48 36 6 85 19 58 99 37 52 31 33 14 12 86 29 39 53 65 20 46 68 63 3 17 7
6 59 4 15 41 86 43 50 18 72 83 40 56 9 24 19 58 48 76 61 32 20 91 25 26 80 31 5 73 7 46 69 16 65 67 36 74 82 12 62 75 47 87 42 30 38 11 81 2 10
94 36 52 63 5 21 42 18 13 30 27 70 89 28 83 90 39 45 32 57 40 99 56 82 100 97 38 11 88 24 41 48 69 22 33 80 26 31 91 43 65 3 7 8 86 34 20 71 19 81 95 17 68 66 2 35 44 93 4 92 6 79 16 76 54 12 61 10 72 67 60 47 75 46 25 1 73 37 77 53 84 55 14 23 98 15 50 78 51 59 62 74 87 29 58 85 9
50 38 58 95 53 34 45 55 94 27 62 83 44 21 68 18 76 87 30 86 48 64 39 57 96 63 8 13 14 20 41 40 43 47 52 28 7 99 42 70 26 77 65 51 61 79 60 22 9 4
84 14 80 63 77 1 18 83 27 54 86 69 87 33 61 5 24 35 13 8 53 98 52 67 2 74 55 21 7 26 64 81 49 44 99 6 9 95 76 38 78 3 10 73 32 75 48 42 46 94
41 94 62 58 60 8 42 99 80 53 29 38 13 27 56 81 34 93 70 33 61 14 59 91 45 66 1 73 5 57 88 100 10 82 71 37 50 77 22 18 46 86 74 96 84 90 23 43 49 63 87 68 24 85 48 54 17 44 7 2 26 52 4 28 35 79 47 83 78 25 6 19 98 95 65 16 30 76 97 67 39 92 64 12 72 55 51 11
22 26 23 61 42 15 5 7 39 28 88 95 72 64 10 83 18 30 65 76 36 94 20 33 93 81 82 32 86 24 75 62 41 99 25 91 58 98 14 40 54 97 16 37 57 63 90 53 80 44 71 12
23 81 32 36 3 55 72 75 19 84 9 100 29 76 43 56 93 28 61 95 53 2 24 96 14 21 83 42 45 47 82 12 39 40 91 7 13 4 1 17 70 26 79 10 27 50 89 33 85 25 88 67 77 41 44 92 15 30 31 74 71 8 63 22 35 62 69 80 86 6 5 68 60 66 64 38 58 59 94 11 87 37 51 49
6 31 44 62 25 12 47 14 99 18 7 54 65 1 91 2 71 60 5 38 41 84 70 92 17 98 89 15 11 37 40 95 46 72 43 81 61 26 4 39 32 80 23 8 36 67 19 33 48 9 94 50 74 93 49 63 21 77 68 34 69 24 56 82 30 58 51 59 3 29 76 55 83 10 90 66 13 85 97 78 87 79 96 64 22 16 100 53 57 35 75
5 53 51 18 33 19 81 56 83 44 68 54 55 6 9 67 73 92 46 65 97 57 72 45 16 20 3 47 91 71 43 84 22 2 41 21 8 86 32 14 76 49 34 90 74 12 23 88 1 89 25 64 50 10 60 42 77 35 11 99 17 31 94 80 52 66 13 37 98 61 95 75 78 4 63 58 39 59 40 30
15 98 95 52 72 21 63 65 87 80 85 51 71 26 59 32 10 6 46 36 29 73 1 86 20 49 84 35 60 43 91 75 78 88 69 2 12 57 48 8 58 42 94 83 96 27 41 14 18 55
60 13 37 61 57 71 62 28 15 84 19 16 8 40 48 42 79 80 83 23 66 17 90 65 87 100 51 97 47 36 77 35 3 33 70 27 69 1 96 50 99 64 78 21 95 30 55 74 34 10 54 25 4 14 58
74 31 53 18 66 84 59 27 81 23 50 28 67 86 39 36 42 70 51 96 55 8 33 4 13 3 61 12 68 87 78 25 21 22 30 69 7 62 91 52 9 34 15 90 5 24 26 49 80 16
98 43 67 1 17 61 33 60 70 82 46 90 83 89 19 12 66 4 10 42 37 32 5 36 30 45 16 62 63 40 99 9 52 49 15 96 64 14 79 47 72 34 75 84 86 81 35 22 92 97 38 74 85 44 91 3 95 55 68 27 13 7
21 17 20 37 14 18 35 27 2 90 89 71 36 44 72 6 25 38 61 7 33 12 10 48 8 41 88 23 57 31 100 9 98 30 62 64 28 54 70 86 40 84 92 49 47 16 93 77 66 26
50 15 27 78 63 5 48 38 45 9 59 88 91 24 3 75 18 92 80 69 30 60 90 23 41 16 99 86 56 11 33 36 42 35 55 29 97 8 47 49 58 100 13 46 94 70 68 53 66 17 98 64 40 93 52 51 19
63 79 64 92 22 28 54 60 67 48 41 74 71 6 33 88 5 10 70 76 44 46 94 95 29 23 98 36 90 93 73 66 57 43 8 61 51 39 78 38 25 68 18 45 72 84 55 87 30 21
47 92 22 16 26 4 31 57 63 62 49 68 45 13 53 32 38 25 39 8 67 64 52 93 60 30 77 71 5 76 96 85 1 9 24 40 54 41 69 86 80 10 43 98 7 14 94 34 37 81
38 82 70 15 76 35 29 7 75 25 81 94 72 13 71 62 85 5 20 28 55 3 53 30 2 18 9 84 51 63 26 73 1 88 24 11 48 99 61 21 59 33 65 43 12 54 95 16 86 19
26 57 82 32 70 42 68 11 56 86 13 83 36 76 81 51 50 31 75 46 10 43 73 17 66 24 33 59 12 61 97 28 47 64 93 65 84 95 25 52 90 80 1 44 91 2 78 34 98 63
17 47 58 84 95 79 4 89 78 80 34 14 16 36 27 46 15 100 28 67 50 90 39 66 87 26 12 9 32 81 20 13 56 48 19 55 11 5 68 33 77 88 49 53 65 72 69 44 70 21
68 43 20 65 24 75 55 62 83 22 77 98 61 67 99 7 53 30 17 94 81 79 100 5 47 35 54 23 37 36 57 88 2 31 8 96 49 48 38 86 76 51 46 21 85 82 71 69 60 59 10 44 19 97 3
84 94 56 21 89 55 27 69 70 23 100 86 58 5 88 82 8 76 46 68 54 2 57 37 63 40 49 91 48 75 90 59 20 13 34 22 97 83 51 38 93 32 16 6 77 25 31 79 50 95
9 18 69 86 6 51 70 12 3 20 74 7 15 4 80 43 19 8 53 66 57 34 23 62 78 59 93 29 1 32 87 90 71 42 14 75 45 55 27 64 95 38 39 100 79 50 22 91 65 13
20 79 19 100 17 77 2 36 30 28 13 34 93 11 43 26 15 54 65 63 66 4 23 18 78 76 62 6 38 96 33 88 75 86 84 42 25 70 73 99 41 24 47 40 16 39 14 61 48 81
95 65 62 53 20 49 74 72 50 33 12 38 28 45 75 52 54 48 3 37 40 34 83 35 42 19 41 26 43 2 46 69 63 57 77 92 93 39 11 18 22 84 29 47 91 16 10 70 36 7
61 84 8 80 85 35 81 70 63 53 48 22 37 4 77 99 33 54 32 58 86 5 26 66 20 98 21 2 38 52 19 57 14 11 95 6 43 45 3 29 50 67 51 49 62 72 93 17 71 27 65 96 90 68 74 36 30 47 64 34 46 23 12 25 7 15 87 91 31 89 100 39 28 73 82 44 42 78 41 60 79 76 92 59 83 13 24 88 69 94 1 75
53 45 24 31 15 91 13 77 60 12 71 21 65 98 89 84 63 78 92 94 72 76 95 33 10 90 68 51 3 5 87 35 61 32 2 37 25 18 49 69 27 9 56 43 36 1 11 46 64 81
67 63 94 78 76 74 65 28 83 73 100 80 11 19 98 50 37 20 1 15 89 53 8 6 61 82 47 44 35 31 59 22 96 9 90 70 30 13 56 57 93 95 72 77 25 79 69 52 10 99 29 51 71 39 12 43 41 18 54 45 55 49 64 85 92
39 51 24 91 78 76 71 49 55 33 40 48 29 34 32 14 69 8 50 27 19 18 20 60 26 12 53 13 4 11 81 21 75 28 42 10 83 59 68 3 73 43 93 74 61 46 97 9 57 82
64 21 18 62 44 59 11 82 58 73 39 41 15 57 3 94 17 89 66 65 79 2 77 29 46 6 60 20 4 63 32 48 61 5 43 85 99 33 1 71 72 7 25 69 75 84 16 14 45 8 91 83 74 34 47 53 22 36 30 98 100 92 49
13 49 15 59 84 69 92 73 5 72 58 3 23 20 22 88 50 1 83 29 85 21 86 18 8 52 25 80 99 44 77 14 47 10 36 87 9 46 91 70 82 39 65 17 38 28 51 89 11 67
58 87 44 66 57 50 90 4 45 91 25 9 97 96 36 63 53 26 93 54 95 28 10 69 62 30 38 8 39 98 92 99 82 47 64 77 60 5 52 88 68 74 79 61 18 23 71 78 43 27 73 33 12 15 19 2 83 32 70 46 14 35 84 85 24 86 100 42 13 89 22 34 76 3 59
37 87 6 32 70 89 100 19 64 25 73 45 11 53 61 3 24 51 22 12 59 42 98 74 28 71 58 67 15 8 21 47 84 65 55 17 77 31 96 62 44 18 30 80 95 10 52 90 39 20 36 27 94 79 68 82 35 66 81 9 97 93 4 5 92 69 46 41 85 43 78 38 63
67 3 23 37 10 15 96 18 48 65 74 77 34 56 97 68 31 45 84 72 25 99 13 2 86 89 71 80 28 35 5 21 93 38 57 36 82 14 61 54 70 12 47 41 26 27 50 11 88 33 46 79 83 94 92 59 42 8 19 32 66 6 24 53 55 90 20 81 9 29 39 87 17 4 76 44 49 91 100 63 16 75 7 60
96 32 6 44 72 78 23 94 95 46 29 57 51 22 41 81 82 49 47 27 1 83 84 68 25 8 90 18 56 42 91 60 5 80 30 97 98 40 31 15 45 92 7 10 17 73 58 61 38 93
27 62 95 60 20 30 85 17 84 16 19 33 45 88 77 25 52 97 90 12 56 83 70 91 100 67 46 6 2 5 59 92 3 36 63 94 86 66 53 34 89 39 75 49 9 80 51 1 26 68 41 35 11 23 82 15 22 8 47 81 14 44 93 76 61 65 79 87 54 40 57 71 13 74 31 7 37 18 72 29 64 98 21 73 69 32 24 28 48 99 10
68 15 93 69 62 50 97 34 77 70 83 27 59 88 3 13 94 74 60 17 1 79 46 53 64 35 52 96 36 85 47 57 18 55 90 21 89 26 51 22 66 9 81 78 95 28 63 84 75 29 33 42 16 87 40
89 79 12 83 43 69 55 16 10 53 4 33 81 17 57 76 62 15 46 98 84 42 96 37 44 78 87 60 91 26 40 82 6 48 47 45 29 80 13 25 34 28 22 50 99 9 75 18 97 49 74 72 1 24 71 95 66 65 73 77 32 92 30 56 36 58 31 94 67 2 54 51 59 27 20 86 100 70 14 35 5 3 63 90 52 61 38 7 23 88 8 85 19
8 16 82 80 79 58 63 84 37 43 26 77 100 15 49 59 71 88 5 40 25 56 1 19 7 75 10 24 70 91 20 69 92 73 67 57 14 17 48 86 6 60 87 78 42 4 29 52 55 36
43 41 42 15 32 57 63 67 19 36 59 77 94 7 45 60 73 2 99 27 74 14 33 100 75 93 49 79 68 54 69 55 47 11 29 61 24 28 83 66 22 91 4 95 52 31 84 86 56 64 89 98 44 87 97 40 76 72 3 23 34 17 80 12 1 38 20 13 71 48 65 81 62 35 18 25 39 21 50 6 30
10 41 62 50 9 67 34 56 78 49 44 1 81 80 45 31 25 83 77 47 74 96 14 87 15 95 88 27 19 79 53 16 76 86 97 40 90 61 38 60 52 8 21 66 71 5 69 89 32 17
27 74 55 73 64 2 38 80 97 19 25 24 91 49 43 10 94 86 57 47 65 18 58 14 59 89 35 77 34 75 87 44 4 63 31 50 42 28 53 12 96 15 7 88 48 70 39 95 72 100
66 39 25 67 91 32 63 73 21 34 27 48 49 14 18 82 94 86 78 71 54 95 99 38 44 52 59 45 100 77 62 46 68 69 12 15 3 5 56 43 83 41 72 36 37 51 26 29 80 55
67 87 100 91 76 69 8 73 81 13 83 27 82 38 16 20 89 50 97 60 34 32 19 30 47 88 51 61 96 80 40 58 94 77 92 46 93 65 41 29 18 85 10 56 49 36 5 9 2 53
61 94 53 41 70 10 3 35 38 7 16 21 87 39 2 77 17 50 1 83 75 100 14 23 15 51 54 91 59 79 25 52 9 28 43 6 67 81 19 31 42 93 96 49 26 22 76 11 98 66
21 38 13 91 43 7 1 79 82 6 51 27 96 83 64 65 12 15 11 78 3 89 73 48 58 74 70 72 98 94 16 44 34 30 23 35 9 90 20 53 25 59 80 63 88 97 85 52 42 67 40 41 76 60 68 32 28 17 2 87 26 56 62 100 81 4 54 93 47 46 57 84 69 18 8 14 5 86 49 24 19 45 77 99
10 63 20 19 3 43 16 55 9 96 85 99 69 78 17 34 8 25 100 95 56 64 30 24 7 45 87 80 59 35 50 88 23 94 27 76 81 84 91 21 61 66 57 72 44 29 5 47 14 65 92 41 13 4 98 79 39 37 73 74 70 90 62 26 11 28
78 17 9 28 97 87 67 72 59 24 23 21 92 41 1 12 51 2 55 36 64 15 73 86 34 30 29 19 16 79 45 69 50 58 71 75 70 8 62 43 81 49 46 33 93 98 90 82 85 68
68 16 92 36 11 78 55 90 46 1 99 97 87 85 91 45 75 23 56 26 72 13 27 63 86 30 100 51 8 4 9 3 21 2 43 81 70 31 61 98 50 64 66 95 29 53 34 22 7 59 35 96 5 25 84 73 44 82 18 94 74 19 39 93 48 10 47 69 33 41 24 14 67 54
94 36 10 28 84 56 19 27 35 88 77 44 5 23 29 91 14 79 50 66 75 15 49 11 51 59 25 38 22 33 24 93 70 76 90 95 55 82 37 80 16 7 92 81 96 98 60 89 20 64 34 41 4
92 11 32 27 79 56 50 69 25 33 10 5 54 87 91 77 23 75 18 2 21 17 15 47 53 84 16 39 88 67 57 36 28 40 93 8 44 6 7 83 1 49 4 60 3 43 58 20 95 74 98 64 41 76 34 55 78 35
53 45 96 92 32 21 13 43 27 36 25 5 33 6 50 65 68 7 16 88 63 95 47 69 81 57 100 93 56 22 76 59 9 8 79 67 2 91 24 74 72 37 85 58 29 86 39 35 4 52 17 30 34 23 80 94 10 55 11 38 48 77 90 20 14 82 19 66 26 87 61 62 51 44 98 78 89 73 60 40 70 83
71 93 9 84 96 64 37 42 51 95 8 36 56 49 100 87 75 86 91 68 43 99 10 54 20 66 80 28 4 63 52 34 77 24 2 13 47 97 81 53 94 22 31 62 19 30 27 1 33 26 18 55 70 25 46 60 92 58 12 73 23 5 57 85 89 88 41 6 44 11 14 59 29 82 21 7 35 15 98 16 3 32 69 61 45 39 50 17 78 90 38 76 79
24 94 57 41 35 45 76 53 34 49 13 15 90 36 47 62 11 1 71 61 42 58 26 88 63 84 33 96 32 100 22 10 9 4 19 56 7 8 27 89 74 28 59 98 54 64 86 29 25 39
31 45 23 95 9 89 35 61 53 62 15 8 99 16 44 73 71 13 32 51 3 4 42 94 14 43 26 5 81 90 96 33 20 2 75 88 79 6 29 65 92 57 100 98 72 41 28 52 68 36 67 58 48 86 77 66 76 7 19 83 93 46 10 47 30 80 55 69 17 27 1 97 11 38 82 60 49
32 31 66 25 49 27 50 2 62 39 75 52 46 64 11 41 44 99 65 48 77 58 54 33 47 1 9 93 80 84 24 15 53 23 6 85 83 63 28 86 45 10 57 100 76 88 68 73 95 81
6 60 18 38 50 11 45 56 84 87 29 59 76 74 91 35 49 61 37 69 82 89 54 27 72 28 13 42 55 40 47 75 51 80 20 39 88 67 78 36 14 99 43 46 63 23 57 85 9 96
70 81 11 56 21 76 40 35 93 53 73 47 74 29 49 9 91 28 99 78 59 60 22 39 41 4 12 69 23 92 33 10 24 54 8 72 87 36 2 80 5 18 20 16 88 14 58 75 27 68
65 27 59 9 54 94 4 67 55 7 20 85 80 83 56 100 44 2 1 66 82 13 48 18 79 50 75 40 93 87 63 25 3 17 42 46 78 38 96 69 76 32 28 89 49 98 15 81 73 52 36 88 22 12 86 95 14 74 30
93 28 46 52 40 65 73 100 88 94 30 75 59 90 67 83 6 20 72 54 96 61 71 43 7 51 39 78 1 19 99 24 77 29 25 12 32 91 10 63 26 55 74 49 35 45 56 82 27 38 81 50 31 41 66 42 57 13 18 9 85 48 92 89 64 97 4 5 87 17
29 97 3 84 27 91 12 41 1 38 65 43 90 59 60 19 85 46 31 44 82 15 18 32 93 6 7 94 71 5 100 95 25 2 96 75 13 20 22 76 67 57 42 63 14 69 78 51 33 53
30 60 17 99 10 42 33 14 31 64 75 70 29 66 87 51 25 83 6 63 62 74 13 32 76 68 22 92 65 50 86 54 79 78 36 91 37 2 82 73 8 24 46 69 4 28 3 44 20 26 56 40 94 67 96 52 85 9 5 45 21 39 93 98 48 59 38 90 41 95 61 49 58 71 11 88 35 53 18 84 43 27 57 81 12
93 12 50 56 70 89 61 16 73 95 2 18 48 22 13 57 8 11 42 53 36 24 63 100 51 60 91 97 29 71 96 77 6 19 10 35 75 74 67 15 76 98 31 30 86 37 4 34 49 44
76 100 20 24 34 25 4 47 39 32 69 19 36 28 50 40 31 22 44 91 56 29 81 64 84 68 5 37 70 38 87 71 72 83 93 6 23 8 58 7 66 82 63 16 30 21 14 2 65 78
50 13 38 81 89 87 15 54 23 40 34 83 8 72 14 45 16 84 90 21 11 93 36 53 41 27 26 47 100 56 55 91 51 92 31 75 71 88 76 44 73 61 98 43 95 17 20 30 82 32 4 35 60 59 39 6 52 3 42 1 7 63 86 94 62 67 79 10 18 77 69 24 65 66 46 74 37 99 97 28 70 2 33 58 12 25
72 2 55 28 38 17 64 56 49 40 81 34 7 14 78 51 52 6 70 71 27 82 57 10 62 88 100 84 75 24 25 74 37 94 58 79 30 48 63 15 68 87 96 12 45 11 19 43 8 66 26 4 32 97 41 20 16 35 1 60 86 67 98 76 33 50 5 42 90 77 47 85 29 31 53 83 22 93 95 54 21 65 59 23 89 44 80 69
69 61 97 33 67 39 44 95 76 10 48 46 53 75 28 2 70 42 29 84 8 49 79 38 81 62 9 93 98 13 90 20 65 89 94 3 21 12 96 88 64 16 77 83 36 73 59 23 25 57 26 43 74 7 6 55 1 18 56
86 93 10 23 36 15 91 30 96 74 99 68 76 3 57 98 24 79 66 41 85 26 49 58 45 5 38 8 64 33 97 73 20 81 53 14 16 35 11 69 51 2 46 70 72 28 47 9 67 50
29 21 77 37 34 1 48 30 44 50 32 12 28 42 11 96 46 93 31 40 80 82 58 36 39 61 5 19 81 45 9 53 25 64 23 100 55 51 69 26 6 78 97 72 68 41 91 38 47 59
9 47 23 66 86 98 87 19 51 30 80 44 49 58 67 5 27 93 34 52 33 54 68 32 28 88 36 62 100 97 10 14 79 77 24 38 20 55 94 1 18 73 56 85 21 57 60 64 7 61
77 80 99 59 1 14 39 94 64 88 35 60 38 34 5 85 33 48 18 89 11 82 58 65 84 47 40 7 43 92 24 96 54 41 70 71 63 91 49 90 19 67 12 15 76 53 93 100 22 31 20 2 17 44 61 25 73 57 75 83 87 13 45 72 6 9 52 51 66 36 69 79 23 78 74 29 98 10 28 50 3 26 27 95 68 21 4 42 46 16 56 55 37 30
72 91 80 16 87 44 95 68 85 61 88 50 79 47 33 12 57 81 92 96 64 6 21 45 58 56 19 32 37 43 94 62 11 5 30 70 59 15 78 1 29 20 65 36 18 28 9 2 55 14 4 40 41 3 23 26 42 25 97 77 89 22 75 90 84 17 66 98 53 82 52 100 13 31 8 34 99 38 24 54 10 71 63 7 39 73 48 67 51 60 49 69 46 93 27 74
46 54 39 66 17 48 56 61 40 89 4 8 78 67 34 30 27 59 81 85 32 99 95 65 45 79 7 26 6 23 21 24 93 53 20 49 28 69 52 13 70 60 72 5 86 41 96 47 55 88
66 98 80 58 3 21 100 76 85 43 86 75 96 88 82 92 4 16 57 99 65 55 73 67 84 64 77 78 95 50 10 97 90 68 38 2 32 39 6 62 74 15 46 22 47 54 59 40 52 48 24 26 27 45 81 18 23 49 41 33 89 5 56 44 20 53 1 37
6 59 58 18 69 31 16 19 55 76 68 74 5 43 9 82 86 23 3 36 27 67 37 56 50 84 10 2 47 83 100 75 97 96 26 93 1 35 4 8 66 92 51 33 78 73 65 21 32 7 20 15 88 40 87 94 90 81 28 25 54 89 49 57 39 72 48 41 95 71 64 61 85 98 17 13 62 77 14 60 91 52 22 80 38 42 30 99 53 24 11 79 29 45 46 34
100 15 72 57 34 60 98 9 50 65 41 91 1 33 14 37 16 63 23 96 79 11 47 20 84 24 53 95 77 70 27 68 22 94 45 92 4 18 66 40 29 62 42 78 21 81 36 80 8 12
52 67 32 69 18 99 21 38 68 10 54 60 76 85 48 77 78 15 94 17 75 91 87 44 11 62 57 93 50 55 61 23 5 9 83 43 72 80 73 28 79 46 56 25 36 81 63 33 58 53 22 97 40 89 14 49 90 7 86 20 35 98 27 71 2 31 30 1 95 37 65 74 3 42 34 16 19 59 64 26 41 100 4 92 12 51 13
60 50 49 96 54 74 83 78 9 90 29 46 16 77 27 2 21 97 73 82 65 47 39 87 59 94 95 98 61 80 43 45 48 40 34 24 6 20 32 5 17 99 64 19 88 31 23 91 7 22 72 71 69 37 89 81 26 53 57 68 62 11 33 3 25 4 56 66 75 42 36 30 85 1 8
96 22 24 18 21 99 33 39 74 35 56 42 58 94 43 66 71 60 100 46 19 83 57 73 85 3 95 32 10 15 2 93 55 61 47 25 82 63 6 70 84 36 11 49 81 68 7 27 54 28
99 83 22 81 59 18 21 34 29 15 35 23 30 2 51 95 65 32 96 52 77 63 28 6 8 80 16 70 68 54 79 12 25 9 66 40 76 57 93 1 44 19 5 3 69 94 24 67 71 92 26 53 4 42 13 49 64 88
54 74 22 60 67 33 62 93 53 91 76 7 20 57 95 64 92 42 87 32 73 14 37 27 35 49 94 29 51 34 77 88 89 84 21 70 82 96 72 38 25 40 81 41 75 100 3 68 98 85 55 44 8
22 41 73 34 39 20 30 100 98 86 32 65 24 87 28 69 42 29 25 53 16 84 81 19 21 56 89 62 12 14 74 94 46 48 71 78 2 58 7 15 36 59 61 8 96 55 90 97 40 43 54 38 1 5 17 31 67 13 91 3 35 27 45 88 11 72 76 50 49 6 4 99
43 15 14 62 92 74 81 11 10 93 83 72 63 66 89 17 47 16 24 37 64 59 35 21 57 87 73 58 68 60 77 70 85 3 12 44 61 2 54 40 22 42 75 9 7 28 80 39 8 5
32 77 6 71 9 22 67 23 13 80 10 26 76 4 31 87 66 14 1 8 7 59 61 42 18 99 3 34 47 78 11 94 58 89 68 45 43 86 57 69 73 37 41 92 44 79 27 20 82 28 75 97 40 54 72
91 47 13 74 64 25 6 15 94 50 67 42 41 86 72 81 52 71 36 82 44 37 70 62 56 21 18 32 14 11 51 27 57 59 12 97 33 92 93 39 99 78 4 53 35 7 98 79 100 19
72 98 75 82 74 30 18 7 81 10 6 95 37 48 34 4 39 93 89 9 77 70 41 94 17 23 5 46 13 59 78 63 55 25 73 79 97 16 96 99 47 100 12 45 64 15 28 87 42 11
33 66 32 47 67 82 75 86 40 9 4 55 61 85 69 70 26 38 28 19 72 34 21 46 74 12 13 10 79 99 53 91 60 93 94 23 80 29 30 50 98 84 90 45 18 20 6 37 65 49 64 41 59 36 87 97 83 76 11 44 39 62 1 57 56 52 73 77 100 63 42 25
97 88 12 83 98 43 69 57 15 47 4 5 22 46 93 45 75 13 48 49 2 86 38 6 29 14 7 80 72 74 24 78 65 73 52 26 79 59 11 76 54 36 90 68 39 85 55 25 27 50 62 82 37 9 40 60 91 64 21 67 94 89 92 42 51 56 20 99 28 70 19 87 95 100 18 58 81 63 33 96 3 84 35 30 71
22 2 20 17 14 58 60 3 15 26 45 51 96 19 9 99 5 87 38 49 68 55 70 100 98 62 4 54 73 37 53 6 66 65 30 12 57 43 1 76 89 39 10 44 78 11 29 77 85 18
21 17 69 20 11 29 89 72 63 57 92 76 37 90 33 3 6 94 53 65 44 54 43 30 16 77 99 88 23 4 97 98 95 12 82 14 86 58 62 27 10 55 31 19 71 93 38 1 39 83
54 44 45 50 3 42 73 38 63 39 1 35 97 59 58 79 93 5 2 9 57 71 56 11 36 85 12 51 40 62 87 74 21 23 78 55 68 92 89 75 94 53 84 37 70 30 60 49 77 43
29 21 84 96 49 99 62 88 8 89 90 74 86 72 73 32 80 58 42 94 69 18 11 43 36 4 68 51 48 47 76 37 92 20 61 40 56 78 34 79 23 9 77 35 59 85 26 3 2 87 54 12 93 25 22 50 38 7 83 57 66 97 19 13 45 64 15 98 27 67 31 14 70 33 17 71 28 65 63 52 55
85 72 57 23 47 39 6 71 67 98 10 37 44 18 79 14 25 29 75 99 46 59 73 69 64 11 65 7 66 96 42 70 83 100 30 88 43 97 36 63 89 8 95 40 32 84 78 31 38 81 15 50 55 28 92 87 60 48 77 51 45 4 9 19 24 58 13 68 5 2 16 86 3 17 20 61 80 90 91 1 49 56
89 28 33 35 51 37 40 3 95 25 12 80 57 62 60 6 13 94 69 14 15 64 50 10 39 63 48 9 5 44 47 70 86 21 97 61 75 77 84 67 2 31 19 72 53 65 24 20 18 68
70 42 56 29 11 82 14 51 81 72 34 8 68 98 94 54 24 39 16 48 36 97 12 15 67 33 63 13 46 65 92 47 71 78 88 32 52 59 77 85 18 58 89 28 73 22 2 100 99 93
10 37 16 5 4 60 6 92 97 93 77 7 55 2 96 80 90 56 15 20 73 34 25 45 64 50 74 38 11 78 8 88 100 98 83 17 81 68 35 33 26 41 13 3 43 76 47 69 95 42
47 35 25 16 1 94 56 8 13 69 22 85 64 57 37 45 9 42 73 78 44 19 3 2 53 93 29 43 36 24 38 62 54 41 28 83 52 66 26 4 67 60 99 20 17 49 76 65 68 15 63 40 91
12 84 51 79 32 76 64 17 61 77 9 78 71 18 5 85 22 45 24 30 99 69 74 25 27 35 55 26 53 16 31 62 68 1 56 46 96 3 23 70 83 57 50 42 15 72 94 73 67 19 41 66 86 10 59 52 21 49 2 93 90 58
23 50 58 52 2 81 10 41 80 4 56 48 88 21 7 91 90 61 57 78 40 25 53 6 36 70 55 1 84 93 32 97 92 30 82 35 65 31 33 98 27 73 15 100 67 59 96 8 14 77 86 47 12 72 66 42 49 71 64 26
47 46 62 56 84 91 20 88 82 99 94 8 80 37 67 15 52 90 45 34 78 36 79 9 48 32 42 24 12 38 54 86 39 18 69 77 7 30 60 31 63 44 11 6 96 33 19 97 100 51
17 73 53 58 16 65 55 93 78 39 44 75 2 31 40 69 23 25 95 6 83 52 33 28 11 97 47 4 63 21 56 9 43 41 100 60 32 70 71 42 61 14 35 38 76 51 68 62 96 5
54 81 10 15 8 66 37 77 35 55 42 44 1 29 84 92 47 52 11 26 74 67 96 89 12 59 80 58 53 28 86 6 69 62 71 3 34 91 41 83 14 87 82 95 9 68 65 93 75 22 57 90 43
62 10 90 96 2 14 43 27 52 28 53 49 77 35 37 84 23 31 70 80 17 65 75 1 64 32 11 61 18 60 99 3 16 74 47 5 22 25 45 15 9 92 30 87 98 91 67 69 89 82
56 67 63 26 44 57 21 84 92 69 25 28 55 68 54 64 96 81 1 94 37 46 70 61 85 40 48 90 11 86 98 91 50 41 31 9 87 10 39 32 24 73 51 17 52 6 23 59 71 5
80 77 85 19 16 82 99 78 55 41 22 69 44 30 28 45 95 61 81 31 84 8 96 4 33 38 88 46 47 12 6 83 70 21 7 26 5 34 10 13 27 90 9 35 40 65 89 29 20 59 66 98 74 53 54 97 23 24 93 64 11 48 67 36 2 100 87 76 37 58 91 68 86 75 94 62 56 42 25 51 3 72 60 15 14 43 18 73 52 49 92 39 63 50 1 32 79 71 57 17
77 40 89 29 72 26 83 3 45 68 63 47 12 54 28 32 5 37 94 91 80 70 51 99 9 41 36 78 79 97 14 61 44 62 56 55 35 49 8 76 60 34 11 65 58 90 71 30 33 48
38 2 90 11 68 44 71 64 93 33 43 58 49 100 95 74 8 77 91 66 87 23 61 75 17 83 1 35 85 86 6 54 92 5 31 18 24 84 10 39 19 3 63 9 73 81 36 72 76 88
100 99 8 22 52 70 63 58 38 11 83 94 16 10 48 65 62 57 64 59 61 75 54 15 24 92 17 96 28 43 41 21 34 45 20 76 9 36 78 31 73 74 67 30 18 7 4 46 19 90
35 24 33 74 91 52 56 54 46 34 83 93 92 21 11 48 36 40 86 28 76 2 23 14 27 67 4 7 8 38 12 51 84 71 6 44 72 31 82 26 64 9 75 95 68 77 13 50 55 78 20 80 87 94 53 32 81 47 49 18 5 1 70 22 17 96 90 15 63 65 61 60 25 39 59 41 62 37 79 69 73 43 16 85 89 29 98 97 58 100 42 45 99 30 10 19 57 3 66 88
69 56 38 77 47 53 37 32 14 45 39 10 33 54 40 79 61 97 99 98 24 80 20 95 36 16 22 92 9 46 66 11 18 31 1 62 94 89 93 48 49 17 68 44 34 5 25 78 72 58
51 16 5 1 63 60 3 49 37 4 62 61 77 8 74 86 34 48 81 12 66 99 14 97 47 2 80 68 75 59 40 29 32 98 83 93 27 96 23 31 6 54 85 19 84 28 7 100 9 13 73 38 57 53 76 30
17 84 70 45 55 57 81 91 90 7 31 67 68 66 12 78 30 97 29 62 36 95 88 34 86 96 52 8 44 20 80 32 65 87 2 46 26 24 35 16 56 47 1 9 93 10 13 53 85 14
18 54 68 66 44 4 73 11 60 78 29 23 33 21 62 69 72 31 17 16 35 40 76 67 19 70 97 50 64 91 2 87 98 20 92 55 80 48 37 58 75 93 13 34 89 28 82 43 51 49
13 38 17 99 60 93 69 23 71 84 74 5 18 96 91 11 50 72 10 59 34 83 29 47 85 52 86 32 67 68 35 2 58 95 37 55 27 28 8 43 88 78 7 90 77 22 70 92 51 26 12
11 42 66 62 95 28 12 29 91 46 45 35 71 18 99 51 21 94 88 81 77 33 83 44 70 78 10 64 1 15 79 37 23 87 16 32 2 76 74 85 93 49 96 40 26 98 54 17 13 57 61 100 59 43 92 25 55 56 69 73 36 4
22 59 29 71 78 75 96 84 8 35 66 60 38 21 14 43 18 15 55 69 4 23 50 44 74 19 72 34 30 76 98 28 25 13 10 64 63 86 42 91 88 2 93 61 77 79 12 47 24 37 51 95 67 40 53 16 9 45 5 97 58 27 48 87 80 90 7 17 6 41 85 39 68 3 54 36 46 26 70 57 52 73 83 82 65 92 62 33 89 94 49 1
91 38 92 70 27 24 4 80 41 11 59 73 53 17 81 78 85 54 96 60 72 1 56 66 67 48 57 46 26 76 18 29 68 34 61 98 47 30 42 74 7 44 65 87 83 94 5 37 55 86
57 27 85 100 34 56 46 8 96 45 70 26 90 12 61 16 87 28 60 4 48 91 31 84 73 38 15 63 62 13 83 24 6 10 52 1 2 51 14 23 64 67 72 33 74 19 36 39 94 18
49 25 1 79 41 72 26 60 10 22 57 96 93 19 9 53 39 33 44 29 38 70 66 59 82 12 37 15 85 68 18 78 75 64 30 100 55 13 51 31 17 94 40 74 69 88 27 97 50 99 46 61 89 98 43 58 73 11 54 4 84 80 20 32 23 47 21 65 95 87 86 35 2 36 77
49 84 81 50 16 10 66 31 35 8 65 64 19 93 48 96 11 75 94 45 98 30 87 58 89 71 78 3 82 54 7 62 46 40 13 43 39 60 44 86 23 99 100 17 22 79 76 69 85 73 57 83 14 25 77 4 36 67 91 70 38 27 5 51 24 26 12 88 29 53 9 80 28 74 72 41 68 2 47 92 59 52 42 18 15 32 55 20 63 97 1 34 95 6 56 21 61 37
29 85 48 3 40 28 79 51 64 56 14 24 12 44 78 93 90 46 41 95 73 60 18 55 99 5 80 68 39 71 1 87 33 54 86 96 27 70 76 30 9 43 83 7 88 4 20 77 59 94
73 22 85 72 9 42 70 87 18 51 64 21 12 20 6 36 38 83 14 35 93 60 15 62 65 27 61 1 99 57 23 80 76 66 8 94 81 90 67 89 47 71 5 10 37 17 7 25 63 97 34 79 31 86 54 53 78 45 88 16 75 56 55 91 4 48 96 30 74 39 68 33 100 13 69
92 13 32 53 39 17 59 4 90 97 2 91 40 89 18 83 16 3 10 61 12 94 50 14 46 21 95 66 6 48 31 99 71 33 87 55 27 25 62 28 93 73 41 43 23 65 26 58 44 1
73 86 27 22 9 91 38 67 74 19 18 6 97 34 50 5 42 17 4 54 3 78 96 37 10 1 53 57 92 12 90 75 39 33 69 8 98 30 88 55 66 62 46 26 87 81 32 20 63 43
91 83 63 65 13 38 49 8 77 99 36 37 90 2 31 70 20 61 32 71 10 18 56 75 43 33 52 17 60 88 35 27 21 94 93 72 96 79 26 78 9 30 34 87 12 22 7 48 4 62
94 42 64 16 69 78 33 71 66 57 99 77 32 22 81 56 7 68 14 19 89 15 35 62 17 41 9 87 52 2 70 86 59 75 49 26 21 90 80 27 63 8 25 83 30 72 73 46 55 24
49 63 45 96 30 31 15 41 6 36 75 84 33 60 27 89 53 40 25 37 61 65 28 48 43 93 68 78 38 97 24 59 34 19 14 39 87 17 11 54 100 80 47 23 82 62 44 66 55 9
90 38 98 9 96 46 55 26 51 77 93 94 33 62 73 47 19 1 52 60 54 89 4 18 57 14 8 78 30 61 76 79 22 83 69 40 49 91 74 15 85 53 6 82 64 5 41 34 66 95
32 71 97 68 30 54 87 33 96 16 86 37 52 83 49 22 90 70 13 28 11 80 29 77 47 3 75 57 7 44 76 94 66 53 88 99 93 72 95 56 8 62 67 84 18 78 26 34 19 1
52 38 80 89 11 71 75 1 73 97 56 54 40 50 37 18 47 8 25 70 95 78 55 93 61 98 51 60 29 68 82 22 81 20 12 87 9 94 5 36 10 13 67 84 64 33 92 62 65 41
32 94 19 47 80 1 4 59 12 74 95 70 48 3 16 7 34 26 68 53 55 93 92 88 45 72 96 29 73 18 43 75 30 10 9 52 37 41 99 54 20 33 79 86 58 63 27 87 23 36 66 89 8 62 98 56 11 24 60 83 61 50 2 28 17 44 69 90 81 22 100 49 84 5 78 13 85 82 14 25 57 77 42 91 31 35 40 15 51 65
95 87 12 63 9 54 27 68 97 48 3 18 90 39 47 69 84 13 88 36 5 73 86 75 24 55 93 51 70 14 62 91 31 66 37 72 26 78 76 100 6 22 11 23 74 38 33 21 25 35
5 41 46 88 33 47 77 75 68 51 2 19 49 14 57 35 48 16 64 54 15 26 44 100 74 50 85 18 83 24 43 45 71 91 53 63 67 93 76 40 65 55 80 22 92 3 17 21 70 62
97 21 7 48 50 64 14 91 29 79 37 67 49 10 66 39 58 23 96 83 2 53 17 72 8 55 75 60 69 26 15 82 76 24 9 5 94 68 71 63 43 47 78 22 3 93 28 25 36 57
29 17 82 71 96 74 46 18 42 60 48 39 23 70 88 95 69 41 51 13 6 61 93 34 47 3 10 59 12 65 80 31 20 33 32 56 8 35 97 83 49 72 92 73 38 64 66 1 78 67 14 86 84 81 98 9 4 22 19 2
56 29 2 97 84 91 71 47 76 73 81 4 5 53 69 32 8 37 19 74 24 21 64 96 22 30 52 42 38 46 59 89 9 90 6 99 25 92 88 60 80 100 44 40 23 27 77 93 70 67 57 94 48 31 20 85 55 51 95 43 83 13 1 75 39 28 16 82 41 79 45
22 98 63 79 59 48 36 57 31 56 88 1 27 51 97 60 5 11 99 91 65 76 87 9 35 84 58 85 38 71 90 24 45 7 21 19 83 12 95 23 29 81 44 4 41 96 52 47 73 6
36 46 78 93 74 5 44 55 99 92 14 47 30 26 23 15 54 90 59 35 94 40 70 31 51 58 96 81 97 4 95 42 17 16 63 11 24 32 1 48 76 100 91 68 85 75 57 89 43 6 60 21 49 87 98 56 18 88 86 29 19 3 72 20 33 61 7 79 41 8 10 84 77 82 62 37 27 73 13 67 12 39 25 45 83 9 69 52 65 80 28 2 34 66 53 50 71 38 22 64
98 30 89 4 33 31 11 76 32 23 18 40 68 62 36 56 41 59 46 97 67 26 29 87 1 83 54 84 93 53 28 50 14 78 9 72 65 19 57 21 35 79 91 95 27 61 39 60 44 24 5 92 63 15 58 66 16 86 96 47 64 13 25 51 88 52 17 37 8 70 2 73 74 99 12
88 17 11 32 53 99 56 51 76 75 85 81 5 98 16 21 68 66 71 73 61 72 97 62 29 100 8 86 69 54 94 42 23 22 3 84 74 64 92 55 79 57 48 90 63 4 1 44 45 24 59 12 52 19 18 35 37 14 25 49 93 13 67 39 28 78 7 89 6 43 30 20 77
93 86 66 64 15 91 40 16 23 50 59 55 65 89 75 96 51 90 58 100 5 60 82 29 45 78 98 70 25 36 69 12 8 54 74 44 94 46 39 72 92 62 13 81 38 79 41 21 10 73
26 11 5 48 64 39 66 92 45 10 65 29 98 97 82 28 33 53 34 16 3 46 88 85 17 4 93 86 100 94 79 15 42 59 77 30 44 58 71 57 43 70 61 75 7 50 69 12 38 31
74 34 61 27 87 96 60 43 2 11 40 92 86 52 80 12 17 32 51 64 47 39 99 23 62 82 94 71 42 98 56 65 54 30 44 16 100 66 63 57 10 50 37 38 55 89 33 29 45 7 81
5 68 6 35 25 79 60 80 11 63 92 10 46 98 16 59 31 49 4 30 22 58 42 15 18 78 3 88 96 47 39 1 57 40 64 86 56 24 61 44 51 50 99 53 23 32 2 62 73 20
82 40 1 47 61 95 10 68 84 35 16 26 67 38 29 11 33 99 70 64 88 37 17 74 13 36 75 22 28 3 50 42 77 98 14 8 53 54 5 2 19 9 90 100 4 49 83 18 32 51
41 49 80 74 16 39 70 34 54 8 96 14 63 77 64 10 82 45 11 59 42 52 36 79 65 99 61 23 32 100 92 12 58 38 69 51 91 20 17 40 86 2 53 44 13 35 25 89 84 81
57 9 60 64 82 39 2 21 97 77 7 29 88 96 68 28 49 90 65 6 34 10 14 75 99 81 66 59 1 13 47 36 54 43 42 26 37 92 50 16 83 72 48 93 84 22 76 41 58 94
35 44 74 15 69 41 65 78 20 80 55 97 49 90 67 77 45 46 51 82 89 28 1 14 56 94 32 10 26 99 75 73 88 66 8 21 57 18 9 52 61 7 68 84 76 29 70 53 19 71
20 46 65 64 68 62 90 33 72 87 50 99 96 63 53 25 71 73 100 12 29 86 78 16 77 57 38 32 30 5 52 40 22 91 67 59 10 13 48 36 51 69 88 75 35 61 23 3 81 97 21 58 47 42 15 84 60 39 28 49 24 98 2 82 56 79 26 95 6
26 51 6 98 42 70 44 94 56 8 3 50 58 33 15 73 7 97 25 83 39 21 91 9 29 28 71 59 92 72 79 1 89 81 53 43 4 16 48 55 82 88 68 45 86 24 87 27 34 18 10 20 41 40 11 67 23 5 90 69 95 17 49 80 100 84 99 19 75 13 35 63
94 78 75 30 47 73 74 60 33 21 31 35 24 40 59 79 15 66 4 51 90 32 46 84 49 96 93 76 2 42 88 95 68 44 98 39 5 29 67 63 28 36 38 77 82 34 87 25 48 26 6 83 99 57 65 54 3 50 8 13 18 12 1 86 70 20 97 27 41 17 52 10 61 45 56 81 100 43 23 80 9 62 22 55 16 7 58 53 72 37 89 11 91 69 85 64 19
49 55 76 43 85 14 94 46 52 15 100 70 33 13 2 57 56 45 21 42 4 35 99 72 71 23 62 41 19 12 40 97 37 69 77 7 31 1 16 25 60 66 61 51 34 91 95 20 28 29 92 78
14 18 20 2 28 24 77 100 11 81 36 15 9 19 98 84 63 4 64 87 41 85 57 52 69 51 25 23 71 8 5 59 99 42 73 65 12 58 34 13 83 16 50 80 29 3 1 89 88 31
54 13 34 74 53 26 19 59 45 16 80 20 86 39 43 76 38 72 99 5 100 44 15 9 28 8 73 87 10 56 48 93 83 69 14 52 1 82 62 79 25 96 17 18 50 95 67 58 85 32 89 90 22 36 3 7 47 46 30 75 51 40 84 60 64 27 21 12 91 92 11 41 55 61 35 77 71 66 37 78 29
8 57 26 27 36 2 89 46 95 86 100 35 22 9 47 66 62 85 60 74 17 61 73 88 37 93 83 76 20 68 71 90 45 52 80 97 39 3 31 50 14 44 53 13 5 99 70 23 49 12
37 49 1 88 85 61 31 11 9 79 29 78 46 36 59 38 25 100 86 74 19 95 18 94 6 15 68 24 93 54 7 92 51 71 17 87 3 73 33 53 32 98 26 27 67 55 39 82 72 76
98 39 54 43 2 82 51 62 13 12 31 56 1 92 71 93 20 28 73 68 34 4 80 36 84 91 97 96 45 87 52 61 37 64 27 67 17 26 22 79 14 60 7 58 99 5 81 25 44 8
55 71 57 16 58 29 82 63 21 84 97 31 2 22 85 38 50 46 18 45 5 91 65 93 100 36 25 30 26 86 13 47 39 98 12 96 40 3 34 15 69 54 67 41 60 6 49 99 70 48
18 8 70 34 54 78 42 12 76 22 86 60 25 89 23 28 52 64 51 49 46 61 65 45 96 30 44 81 20 80 59 31 87 53 63 9 40 14 79 83 3 47 41 11 91 72 66 6 5 36
52 58 75 33 81 35 15 20 17 57 18 27 9 97 6 98 89 10 37 90 26 54 99 7 13 88 49 53 19 1 74 64 12 30 16 8 91 83 50 41 29 93 70 28 65 78 62 94 63 79
17 82 42 80 72 78 46 87 85 2 40 1 45 81 41 7 86 83 79 55 8 3 54 6 24 91 16 88 4 76 33 77 63 100 96 56 67 94 43 65 10 98 20 74 30 12 36 99 35 31 61 14 52 15
26 91 3 30 8 11 50 9 15 2 19 29 27 74 40 90 39 73 24 37 56 34 4 22 59 16 97 63 32 84 78 6 44 23 93 85 81 89 1 33 53 52 80 65 36 12 18 43 70 47 86 60 94 21 14 71 38 57 66 46 41 55 82 92 13
1 29 2 53 57 28 92 67 6 12 19 87 70 14 64 39 62 27 52 65 9 47 3 13 54 51 90 95 46 36 30 63 48 61 94 21 23 16 49 35 45 82 8 99 40 77 7 34 42 50 31 84 71 83
73 96 69 10 39 21 20 61 62 60 17 48 76 14 80 93 53 26 47 68 30 66 22 99 57 89 32 63 49 18 64 51 54 85 12 29 88 92 6 16 82 42 58 87 94 13 27 83 23 38 78 33 1 56 72 77 98 75
1 62 99 88 70 11 19 12 94 41 27 37 35 64 17 81 51 82 67 73 84 52 56 91 7 24 3 33 2 86 46 14 63 40 28 42 22 75 80 4 49 38 59 83 92 66 48 39 65 74 89 100 31 72
7 51 44 20 47 9 94 32 74 81 92 24 76 86 19 1 45 61 5 39 34 30 96 22 50 3 80 11 12 43 64 23 48 49 62 14 59 63 41 67 88 52 83 28 95 65 53 60 16 8
70 53 66 11 84 44 98 72 21 59 91 30 100 62 97 64 51 87 37 81 23 94 2 43 67 34 41 78 12 80 38 45 13 32 54 89 55 99 16 79 4 76 57 42 19 85 8 60 52 6 5 58 33
62 9 83 21 87 41 81 6 78 22 17 1 51 13 42 3 15 54 49 91 33 73 30 90 48 94 57 16 63 98 32 72 74 77 65 69 4 8 18 80 31 23 86 7 52 59 10 97 88 40 34 24 5 14 37 61 45 28 93 46 89 36 26 39 2 25 60 79 50 47 99 76 43 70 85 27 38 75 92 44 68 67 19 66
12 22 69 58 84 76 60 23 97 44 52 41 50 96 14 61 68 90 33 88 30 73 78 24 89 94 87 4 16 80 38 31 65 34 98 32 27 82 72 26 77 48 9 29 49 15 74 63 66 99 67 81 19 7 55 17 13 11 2 42 1 21 91 8 53 6 18 59 83 25 71 85 10 54 39 75 95 92 5 40 28 43 56 51 86 3 62 37 46 36 70 64 93 57 79 47 45 20
22 96 6 54 62 77 85 35 47 25 37 45 92 51 13 87 82 99 38 60 94 12 57 76 97 2 75 46 19 86 27 26 41 53 4 7 40 9 21 70 44 23 52 58 90 83 8 89 18 15
41 42 8 4 34 61 49 96 23 35 6 37 29 50 92 53 76 13 89 45 27 17 47 87 99 38 60 19 73 46 90 40 12 66 69 39 100 26 88 72 67 65 5 56 28 32 97 51 22 91 21 77 7 44 16 94 63 81 84 55 83 57 18 86 74 24 85 62 64 98 75 79 20 3 58 80 59 54 33 78 10 2
25 81 95 51 71 46 39 66 57 16 53 3 17 69 31 79 93 77 60 24 52 63 100 82 67 98 2 64 83 86 88 11 96 5 7 44 45 12 70 94 22 78 10 18 87 6 8 21 29 41 68 13 1 40 49 84 9 20 90 76 92 56 37 4 73 23 85 38 65 72 74 59 15 50 32 26 42 14
82 54 22 36 59 8 63 95 5 68 65 55 100 67 52 6 24 80 49 28 4 9 29 18 91 14 35 84 77 85 94 25 21 78 15 44 10 40 1 61 13 96 20 72 97 81 58 34 53 45 48 51 2 93 32 23 71 86 64 38 27 17 11 3 98 88 37 33 69 75 70 42 26 57 76 87 31 30 50 60 62 56
44 21 62 13 5 35 6 94 11 80 73 65 8 42 99 22 68 70 45 39 26 51 90 95 43 52 33 23 15 46 29 16 87 17 86 58 75 53 54 83 56 78 47 2 18 49 30 19 61 81 89 63 93 84 3 9 27 60 100 4 69 71 25 79 37 50 55 38 76 92 7 96 64 1 59
80 52 99 65 6 33 41 4 78 92 32 87 69 13 72 1 90 74 35 58 71 97 29 43 79 91 28 82 100 63 56 11 15 37 55 89 30 95 53 57 38 93 8 84 31 21 45 10 68 61
36 35 68 15 44 62 5 66 31 71 16 79 92 100 1 58 77 20 40 46 53 83 32 96 99 57 47 82 76 59 11 39 97 29 23 18 2 19 37 13 41 67 3 78 93 28 51 48 69 88 27 90 4 73 87 89 45 65 26 81 43 22 38 72 56 6 52 60 55 86
3 91 50 40 77 57 83 58 31 2 54 66 88 39 61 14 76 71 19 78 63 13 35 33 85 62 6 72 81 59 10 42 48 96 24 75 65 28 37 93 5 27 53 36 82 98 32 99 11 80 1 8 45 21 41 7 87 56 43 90 84 52 68 60 69 4 94 30 26 22 16 29 15 89
76 93 5 99 91 57 19 88 8 78 38 77 47 84 86 90 80 66 52 31 44 6 95 21 10 56 67 35 32 11 98 43 54 75 48 73 28 9 87 55 51 83 25 65 33 61 14 30 100 4 68 12 64 3 50 79 74 81 62 94 16 85 63 23 60 2 70 89 46 22 71 45 7 40 27 15 42 20 96 24 41 36 37 82 18 39 92 26 1 69 17 49 72 97 34 13 29 53 59
30 78 90 41 92 20 18 93 32 22 6 70 56 28 86 42 29 96 37 87 44 68 53 25 45 57 27 72 3 10 7 73 75 82 60 48 65 19 69 54 79 61 64 59 98 14 47 21 43 99 33 15 13 52 38 11 80 36 76 2 34 95 58 85 26 74 46 4 40 91 16 31
72 92 80 2 66 62 8 13 23 25 15 99 3 20 42 63 78 93 70 58 46 94 59 21 73 36 44 19 6 48 53 31 74 67 17 30 38 96 33 14 5 9 57 10 45 26 89 69 39 76
77 66 10 55 84 86 48 29 59 27 89 9 26 7 38 39 21 15 56 94 64 75 97 16 5 83 12 61 1 57 91 82 80 17 68 34 46 23 37 52 43 25 31 6 49 72 95 41 44 47
65 96 40 38 16 25 64 63 94 17 28 51 57 11 10 88 73 66 7 26 37 59 46 36 1 12 20 15 61 75 89 77 13 39 42 74 83 45 14 35 90 3 21 52 54 92 23 62 43 5 67 48 49 97 53 9 32 18 82 100 95 19 34 55
43 19 67 34 22 24 84 78 9 97 2 23 47 95 70 88 82 73 96 79 99 52 71 55 13 64 54 45 15 35 44 3 17 7 87 66 31 1 93 11 83 42 65 12 91 62 28 29 5 53 89 32 86 58 36 98 60 77 37 33 14 68 57 27 63 69 74 16 51 50 76 90 39 75 49 6 8 72 41 61 46 59 94 25 56 85 38 81 30 21 48 26 92 80
19 29 24 11 96 56 12 48 75 83 16 30 69 15 8 5 13 95 6 51 45 100 50 70 23 87 14 39 43 31 46 98 79 27 7 47 20 37 52 1 93 35 85 65 55 44 9 99 74 80 41 72 34
95 37 39 2 85 19 12 84 49 10 24 61 71 96 64 80 91 13 52 77 40 21 67 68 46 72 34 87 29 45 70 81 51 22 8 53 76 73 86 25 41 1 55 62 15 99 4 97 79 47 82 30 74 54 38 94 59 78 89 11 23 56 48 98 32 17 75 69 42 90 5
52 80 61 51 74 42 64 18 46 50 45 85 36 70 76 16 89 69 100 66 23 31 72 39 96 97 7 91 49 20 27 67 22 90 55 88 93 28 63 84 98 24 8 2 4 30 15 58 44 59 60 48 29 68 94 81 14 86 12 95 54
3 29 40 36 76 77 91 16 17 54 20 30 10 55 56 72 21 85 47 98 25 65 74 46 93 100 94 11 66 73 84 86 9 78 41 69 12 22 88 51 90 49 80 63 60 82 64 61 2 39 79 52 42 37 92 53 26 15 5 70 81 34
64 75 72 32 9 34 83 78 71 65 93 17 76 81 63 86 15 54 30 73 44 89 90 23 97 91 100 55 24 48 40 5 27 87 1 58 94 25 57 37 4 6 52 31 61 62 53 95 28 49
71 26 94 87 98 39 44 20 89 73 36 63 23 56 38 37 10 9 77 3 2 7 52 82 95 64 45 61 84 59 53 78 85 66 79 57 76 4 32 91 22 35 12 90 67 8 72 68 83 40
90 17 27 57 51 89 68 22 43 33 52 83 5 70 20 69 35 10 30 59 88 94 86 97 92 71 82 53 60 50 96 93 47 79 29 13 80 75 42 73 7 31 66 41 62 49 26 67 37 44
33 2 66 51 16 25 56 60 22 72 18 79 26 59 86 3 12 58 96 92 40 49 78 88 15 43 76 63 23 65 67 8 81 55 50 80 28 24 44 82 94 64 5 30 27 71 47 57 46 98
99 78 42 10 45 20 58 88 85 37 80 100 14 66 71 84 22 3 63 75 36 15 29 98 18 56 2 43 6 1 13 83 9 73 5 72 91 46 57 8 60 95 54 7 61 53 86 79 69 49 90
17 69 77 86 8 45 58 47 65 87 84 91 89 15 39 18 20 80 53 78 57 38 100 9 60 36 4 33 63 42 98 90 46 76 26 48 83 88 51 2 61 97 73 68 31 52 27 55 22 5 50 82 21 94 41 35 70 37 64 95 96 92 32 10 25 56 29 71 23 49 85 30 24 93 40 12 19 13 28 62 81 67 72 14 66 34 44 74 11 1 43
25 58 43 99 32 42 17 65 59 93 26 81 19 78 31 70 88 37 85 60 77 92 12 3 24 98 35 57 16 52 1 50 97 68 63 64 41 8 79 27 95 40 66 33 83 96 62 87 72 100
9 75 68 93 4 50 2 90 42 30 44 66 13 47 20 54 29 74 53 100 85 78 18 51 62 82 38 35 25 43 71 31 22 94 89 3 72 57 36 10 99 97 79 69 34 96 14 77 39 37
77 97 85 12 94 30 76 2 14 71 29 21 41 24 23 54 39 86 7 92 48 4 47 79 95 5 19 65 89 59 10 93 40 50 35 75 57 87 45 27 31 37 70 32 22 38 81 72 64 46
6 91 60 55 40 98 32 86 57 83 35 75 33 99 76 69 96 29 8 50 24 78 97 23 26 71 65 3 89 12 81 61 28 4 100 53 47 62 54 41 93 20 92 15 56 37 63 5 7 88
31 10 37 41 19 91 35 34 43 28 61 95 15 93 38 87 82 67 51 75 45 26 6 11 12 18 9 80 58 57 92 53 79 47 36 97 8 48 42 40 81 56 60 68 96 22 29 62 44 55 25 74 23 64 4 32 1 21 27 100 17 14 73 70 88 66 89 86 94 71 3 50 5 98 83 99 13 65 76 77 59 24 85 2 54 7 69
59 16 57 22 96 89 53 60 41 87 12 98 61 13 81 79 49 68 31 67 33 23 48 78 74 55 43 40 3 30 90 75 17 70 11 9 18 66 80 19 83 69 29 5 65 24 63 58 72 91 27 28 97 36 85 95 56 76 32 62 94 10 35 73 82 8 15 64 4 7 71
72 37 54 22 61 78 44 83 26 33 65 58 87 40 19 84 49 57 9 43 77 11 60 8 7 4 67 45 93 63 99 79 42 64 15 96 81 100 70 75 92 73 69 91 25 29 1 62 5 21
100 65 86 5 10 50 92 45 55 63 59 99 9 67 31 38 94 91 61 25 89 42 33 79 12 1 27 30 41 53 32 43 6 48 29 58 88 23 64 62 4 37 14 57 74 24 73 51 2 44
33 39 57 9 35 27 53 1 66 49 18 21 61 71 76 6 17 63 11 79 36 64 86 77 68 85 10 47 60 75 3 82 81 50 72 14 78 51 32 29 31 19 40 7 97 44 87 45 8 70
88 87 71 47 92 58 11 14 28 62 43 24 22 63 41 70 3 4 5 2 20 10 16 75 46 39 44 82 51 60 18 65 84 36 61 29 32 81 25 78 33 96 59 54 57 68 12 91 98 13
95 37 90 94 16 99 65 8 58 77 20 47 78 61 56 6 35 54 28 17 34 15 33 25 5 52 39 49 50 1 51 70 63 4 96 40 31 44 10 86 91 19 55 7 11 79 60 45 26 27 76 97 83 73 89 82 87 41 29 67 53 38 32 18 75 23 66 9 92 21 46 68 85 64 84 12 14 100 48 81 36 71 80 69 88 42 24 57
92 64 33 69 60 91 10 74 86 98 4 42 18 41 65 20 78 71 87 29 5 13 66 84 27 95 21 40 81 82 7 30 59 67 16 73 46 23 90 96 9 39 26 19 57 68 100 31 8 54
27 34 52 41 99 89 79 69 98 29 68 91 43 47 71 28 67 25 85 94 16 21 3 30 42 6 96 51 93 78 88 75 12 61 19 23 46 36 37 59 18 95 8 97 5 32 76 87 92 74 1 77 20 13 57 11 83 24 31 9 39 65 14 10 62 35 22 64 58 49 70 26 15 84 17 40 48 45 60 44 86 72 56 66 4
21 95 67 65 20 49 6 70 19 94 99 100 38 44 25 29 50 54 59 2 11 88 31 1 22 71 24 35 16 77 72 40 39 85 81 53 37 30 41 13 92 45 9 48 5 76 55 15 10 61 14 42 90 96 68 8 18 63 97
54 75 16 61 38 63 67 17 40 36 62 26 85 52 15 46 27 41 12 8 48 42 45 7 59 51 83 53 11 23 86 96 50 2 33 99 88 76 95 9 70 79 56 13 92 19 77 43 6 32 20 57 22 30 5 49 78 28 66 69 10 80 21 18 4 68 82 87 94 100 72 81 64 98 65 55 71 90 34 97 89 3 35 60 37 31 24 44 29 14 1
99 37 50 6 49 10 72 15 48 43 7 13 68 69 35 24 42 25 77 91 32 40 73 22 62 93 36 59 11 74 46 55 54 26 83 84 98 16 80 97 20 70 67 60 41 61 3 90 12 65
95 69 29 1 19 97 63 65 46 28 45 8 99 37 54 35 48 75 70 94 82 78 93 47 16 86 18 12 55 38 64 72 52 90 34 21 50 91 25 15 43 67 23 27 53 58 13 36 87 3
58 35 53 42 5 15 16 38 40 76 92 89 26 52 98 56 29 88 66 12 73 49 8 50 65 69 71 96 72 86 7 54 99 60 94 30 85 24 22 11 79 10 46 84 33 23 39 41 70 97
53 8 94 36 96 4 100 66 81 93 37 88 56 80 71 50 83 3 39 60 6 52 33 21 20 11 48 9 38 89 76 78 35 57 72 42 49 82 44 30 61 17 12 23 74 99 79 87 63 18 97 32 62 29 5 55 95 67 46 15 68 92
23 61 94 75 93 46 54 80 91 2 89 59 77 97 31 65 20 11 72 6 4 76 71 74 32 22 99 28 98 86 10 34 84 56 96 55 16 82 68 33 51 25 48 21 78 100 57 53 66 29
3 83 85 24 67 43 86 46 84 26 94 97 52 54 13 87 100 8 28 81 75 60 16 49 90 11 71 53 82 65 66 5 29 55 92 56 68 18 17 10 39 76 30 88 48 47 21 51 74 62
74 7 95 34 8 27 73 24 98 79 77 65 39 68 83 66 76 40 87 42 67 57 35 50 75 54 37 93 5 62 17 44 28 48 86 6 78 64 72 55 33 70 99 31 25 59 84 20 10 23 2 51 85 43 13 69 36 96 56 82 46 15 11 47 14 94 71 90 26 22 1 58 63 16 45 9 89 29 61 81 53 19 41 97 3 32 4
85 8 65 12 9 38 52 59 71 97 45 35 6 30 27 29 89 68 48 25 34 78 90 46 39 88 4 26 63 76 41 37 18 82 42 86 15 56 96 3 95 91 49 84 44 73 14 23 83 81
69 37 14 36 38 40 52 41 62 25 19 73 87 29 27 66 31 49 51 77 95 4 45 86 81 88 8 24 75 47 79 7 20 97 42 11 34 2 15 80 85 12 3 1 71 33 39 65 18 94
80 86 60 5 91 75 21 31 13 38 8 76 45 1 49 29 28 99 36 30 61 27 24 90 94 78 56 51 67 48 16 11 63 97 34 12 33 44 69 58 42 50 72 46 25 15 54 2 9 59
8 45 47 62 86 18 32 95 2 92 64 99 25 11 12 59 7 50 16 74 31 42 69 38 39 54 5 61 82 68 28 24 96 89 48 70 1 91 100 9 72 15 75 80 76 66 58 81 63 26
59 22 67 46 77 53 55 34 4 85 74 30 49 62 2 41 24 14 84 43 94 86 11 92 35 47 16 65 60 51 66 95 82 90 42 70 40 68 3 17 33 15 87 64 96 12 26 78 39 9
92 33 34 2 64 43 68 44 35 41 18 56 72 82 99 70 6 67 52 30 60 42 57 63 71 15 58 27 81 83 29 47 38 62 8 85 39 93 32 16 79 45 95 9 37 7 20 65 17 3
81 82 35 88 83 45 92 55 59 99 1 52 50 64 48 98 56 24 68 74 65 15 20 10 78 3 49 95 69 93 30 11 62 18 25 22 9 75 42 66 87 33 39 90 27 2 8 5 57 89
69 80 42 85 66 33 51 38 86 19 54 59 20 48 30 41 14 96 10 50 72 92 58 76 65 22 43 98 84 99 74 79 4 53 3 97 75 62 88 68 2 93 36 26 81 21 60 39 9 15 46 45 47 40 95 44 89 8 12 94 91 61 6 56 73 87 71 24 55 11 37 13 77 63 64 67 34 25 23 16 78 28 5 1 7 52 49 82 18 31 100 27 29 17 83 57
30 56 66 87 96 86 77 81 84 58 16 67 22 88 19 51 1 93 20 100 36 89 50 85 92 7 97 52 3 13 90 10 37 32 54 99 80 28 41 64 79 48 63 46 2 40 61 11 65 38 94 57 75 53 69 4 76 71 8 26 68 18 91 6 33 44 24 23 31 74 55 95 35 73 47 17 49 42 27 59 98 78 82 9 39 83 5
90 9 24 83 72 32 8 29 23 6 20 49 92 87 30 97 15 75 1 70 80 37 10 38 41 25 95 78 51 43 94 34 28 11 35 99 77 18 50 98 56 74 67 89 88 84 86 66 62 31
49 43 4 20 35 2 7 22 30 19 46 38 70 8 99 1 72 89 94 80 53 45 37 65 93 60 69 21 24 42 100 95 27 67 90 52 50 39 23 28 41 25 87 13 15 48 57 55 32 63
78 56 37 58 51 15 82 90 85 11 2 27 42 60 24 23 19 97 50 40 14 55 52 72 49 98 99 92 80 95 77 53 32 43 83 46 36 70 94 79 41 30 75 6 96 91 13 35 74 8 1 54 33 84 100 29 59 61 93 76 89 7 87 57 73 81 31
18 35 48 44 32 9 93 5 23 38 67 1 43 56 7 63 71 94 78 2 66 25 54 74 27 98 39 99 64 92 30 49 91 68 52 16 88 40 37 17 59 33 81 90 19 96 100 82 29 83
29 68 75 18 64 60 49 5 86 14 41 100 58 81 9 38 88 50 78 53 69 66 17 90 39 97 46 12 93 65 34 98 73 79 91 82 23 33 40 54 77 63 31 62 56 27 19 67 21 47
87 28 67 89 77 49 38 98 16 57 54 9 43 97 99 91 92 65 40 50 15 5 58 52 35 26 18 46 25 90 32 83 44 96 13 70 19 8 41 78 47 85 63 10 93 59 56 37 14 95
72 31 65 41 15 2 28 52 70 50 58 81 14 35 5 27 6 100 61 64 80 95 47 21 43 94 99 60 46 45 48 53 67 18 71 1 11 32 77 86 17 89 98 22 78 96 59 82 79 19
70 90 96 6 15 93 2 13 8 16 28 55 22 58 94 77 88 21 100 97 41 54 36 31 74 72 62 34 33 9 24 57 26 61 86 35 17 68 38 73 5 37 42 27 91 40 76 23 87 89
100 90 42 29 27 60 21 67 58 40 65 14 85 80 66 76 87 18 28 17 10 38 12 70 86 33 77 79 95 5 11 53 97 47 64 73 51 25 63 98 62 99 69 3 41 48 35 94 78 57
60 64 2 81 46 93 94 79 28 31 52 41 36 45 49 98 69 9 16 55 23 42 5 40 61 100 33 7 38 19 78 71 25 66 75 91 18 58 82 43 59 88 24 87 85 99 95 4 65 30 6 86 72 67 3 90 48 73 12 34 62 35 57 32 21 22 17 51 56 96 83 54 8 15 20 97 27 63 47 89 74 77 80 84 1 92 44 11 39 70 10 29 26 68 53 37 13 14 76 50
59 32 57 98 17 5 78 62 42 97 89 18 47 75 81 41 63 71 61 22 74 33 56 93 70 10 25 14 1 69 43 23 55 27 83 72 52 68 67 3 2 15 50 92 8 84 64 54 34 4
58 33 43 30 84 73 1 34 77 99 81 47 100 48 76 5 35 32 25 63 29 11 83 78 68 56 66 6 21 64 50 65 27 86 51 90 92 44 22 59 36 67 88 18 19 41 45 16 20 75 55 71 10
88 47 28 40 32 66 58 5 65 18 33 80 29 44 71 61 74 63 49 99 89 14 60 37 15 100 78 41 39 19 30 95 3 70 91 97 59 55 42 34 43 26 1 85 9 31 17 38 10 48 13 35 86 96 12 83 27 2 51 72 8 93 92 68 36 20 56 22 69 82 54 50 7 67 24 79 73 94 75 46 81 76 45 21 23 53
74 46 39 86 79 40 13 35 52 45 10 2 6 89 84 60 66 19 68 78 8 25 63 57 71 9 56 3 16 98 94 24 33 14 38 42 48 93 51 53 47 62 31 81 73 88 70 99 76 11
57 80 93 54 78 3 68 19 1 18 2 99 73 77 71 84 20 28 5 88 63 25 35 26 31 69 34 48 61 15 67 87 92 29 46 100 16 41 90 91 47 86 43 55 72 4 79 24 74 38 66 36 70 89 49 82 11 58 56 33 51 30 22 23 95 6 75 7 65 32 21 83 98 59 44 53 50 45 97 9 76 12 60 37 96 8 17 40 52 27 42 94 13
29 26 52 95 65 75 28 63 12 84 98 92 69 51 8 49 89 36 64 5 88 35 24 97 23 17 20 53 58 47 30 67 79 80 4 22 73 11 86 16 83 7 57 39 2 81 45 27 38 71 3 56 62 55 31 18 34 61 54 41 60 59 66 85 77 87 46 40 90 15 37 10 50 6 13 68 99 42 100 19 9 1 43 44 74 32 93 91 48 94 76 96 33 21 78 70 14 82
51 64 100 62 31 65 79 90 86 38 77 94 81 17 26 56 13 24 78 67 7 6 2 41 30 69 3 91 68 40 71 59 75 19 73 57 34 23 46 60 84 93 54 18 35 47 16 58 43 5 66 21 4 20 74 32 96 15 53 80 11 92 88 37 28 63 55 50 12 9 87 22 89 45 98 14 27 82 44 70 85 76 48 39 95 49 52 42 83 10 1 36 8 29 99 97 61 72 33 25
14 58 97 37 1 100 68 21 55 49 11 2 72 82 28 52 20 62 19 69 6 54 15 95 40 5 75 43 22 85 67 3 18 7 98 92 86 88 56 83 9 30 53 16 93 45 31 78 38 4
18 63 55 72 95 32 43 30 62 83 91 3 20 68 81 75 66 67 39 35 5 85 52 4 40 36 8 65 79 58 47 21 53 64 7 92 45 26 16 98 31 11 89 6 9 37 34 57 25 78
21 88 81 76 86 49 80 91 27 22 15 13 71 82 1 77 61 7 42 20 70 73 52 11 54 66 37 40 47 90 28 96 58 2 93 79 65 92 9 34 18 44 38 72 31 5 84 83 98 16 41 39 64 30 14 68 100 85 94 23 45 26 57 33 6 51 10 43 8 29
24 92 26 53 1 97 61 21 46 74 64 44 2 89 82 50 66 98 25 6 88 59 72 63 14 18 87 9 60 62 17 5 11 10 84 32 39 30 41 56 90 94 45 49 55 57 75 95 3 86
85 66 11 3 48 90 22 21 41 93 55 88 8 60 17 35 32 63 46 74 80 45 13 42 71 14 12 6 100 31 72 98 53 58 68 26 87 9 34 15 10 56 39 50 91 24 65 19 78 49
24 49 6 47 69 66 7 53 80 84 58 89 43 28 88 33 90 78 94 15 13 26 72 31 19 75 73 54 55 81 23 41 3 36 57 59 56 77 32 12 9 29 63 70 76 16 48 61 38 21
6 16 12 20 52 14 34 94 30 39 71 25 92 18 86 27 49 85 68 90 53 26 57 29 56 3 78 54 96 87 69 55 75 11 70 88 81 46 93 97 9 13 2 77 89 66 74 84 35 22
45 83 63 80 66 23 84 20 51 82 53 16 52 94 30 11 33 25 38 8 42 3 36 54 50 69 64 57 49 88 35 71 74 59 1 93 32 17 18 5 44 90 47 81 60 46 15 24 73 100
23 55 80 93 57 25 20 35 60 34 12 10 54 5 50 74 67 64 8 66 82 21 24 37 97 31 86 3 15 83 81 63 85 38 95 9 94 2 41 53 22 6 1 29 33 51 43 100 32 47
30 3 32 28 33 9 8 41 22 26 34 86 44 56 7 98 10 100 64 51 48 1 69 49 68 60 82 63 40 18 14 88 42 54 13 93 4 55 39 78 38 25 74 97 87 70 23 20 81 65 36 73 17 52 72 94 24 92 2 89 46 12 45 71 58 84 85 5 19 6 31 95 80 79 15 66 99 37 67 91 62 76
92 97 99 70 13 42 64 38 100 53 71 46 9 48 18 15 10 74 55 19 52 56 1 23 47 26 76 4 5 72 58 11 37 61 24 87 21 73 3 49 28 16 88 43 45 40 80 98 85 91 25 69 8 12 39 20 33 81 30 82 60 75 22 14 51 57 96 93 79 27 78 6 63 36 66 34 62 29 77 83 90 2 32 17 89 41 95 68 54 31 65 44 94 50 86
49 87 65 64 68 51 8 57 12 95 85 46 77 59 24 26 78 31 16 36 37 81 100 63 39 94 69 11 92 75 6 14 53 91 72 44 56 54 10 2 41 86 73 67 99 27 17 52 88 79
6 2 4 39 98 29 76 34 47 36 78 73 21 41 81 71 60 84 40 17 31 74 33 58 89 79 94 68 53 61 100 8 65 83 57 32 37 54 43 91 3 75 12 5 56 52 59 67 64 87
83 69 41 85 90 28 58 48 97 8 91 74 3 51 55 17 16 92 56 12 32 52 66 10 40 88 7 38 78 11 46 15 26 4 42 47 63 54 72 53 100 50 43 1 77 64 27 71 36 81 49 22 33 87 95 86 82 59 30 73 68 9
39 17 95 74 36 43 29 38 35 34 80 28 25 83 20 81 32 46 93 50 14 31 7 54 59 49 85 72 51 55 6 77 44 24 8 57 1 58 4 100 94 73 79 53 3 82 78 89 96 22 52 15 21 33 19 62 40 99 11 84 13 2 16 9 75 10 12 97 64 91 63 66 42 41 76 90 88 67 5 71 68 30 60 23 69 27 98 48 18 65
7 97 94 33 92 99 63 25 32 54 48 58 87 71 19 68 36 88 46 31 35 82 60 45 72 43 83 42 17 4 74 59 47 8 10 61 69 22 66 34 3 55 37 20 56 6 27 77 23 24 26 30 16 50 41 44 5 2 95 40 100 67 62 15 52 96 89 21 84 18 76 86 53 64 57 28 39 29 9 98 75 79 80 85 51 12 1 93 70 73
8 3 35 65 38 30 64 42 44 6 89 32 45 47 48 63 12 79 13 92 100 81 80 77 2 75 53 90 21 56 41 86 17 27 25 51 99 10 19 24 54 16 1 36 91 84 22 15 46 85
57 86 74 12 61 38 80 30 83 59 84 9 24 48 51 67 93 72 26 17 37 64 41 35 10 91 40 36 43 96 42 4 75 5 66 78 28 60 27 1 82 34 98 49 89 77 39 85 63 92
20 34 10 35 100 87 94 23 19 11 78 72 81 61 38 36 3 66 64 57 54 1 67 30 89 45 17 2 49 99 63 80 42 60 13 79 68 75 28 8 86 15 32 76 55 83 25 29 44 69
99 49 93 55 85 13 81 64 69 4 87 14 51 90 18 30 46 75 22 72 15 52 74 62 25 86 73 100 32 7 33 57 26 59 10 82 77 94 23 80 41 65 50 76 79 12 97 1 39 9
60 29 51 61 50 66 20 97 92 78 26 86 27 11 14 24 46 82 81 41 62 71 98 43 10 63 45 44 75 68 67 76 8 83 38 34 12 94 37 93 72 73 40 57 47 48 59 87 39 13
70 73 42 15 99 6 100 19 91 24 69 52 54 30 26 67 8 71 68 82 58 25 88 28 50 93 64 61 34 95 56 21 2 11 29 83 78 77 43 49 38 20 4 66 85 41 32 79 36 59 60 3 90 57 53 75 13
31 86 93 41 44 84 54 77 55 97 95 30 7 15 64 18 60 49 96 37 85 39 13 88 35 58 91 3 22 53 51 78 68 6 50 92 61 20 72 27 63 74 17 89 65 73 47 57 29 11
2 14 53 69 72 9 37 95 46 92 63 25 98 41 31 40 84 52 11 22 85 74 30 10 80 48 50 93 82 15 43 16 75 71 6 44 58 33 90 66 54 5 1 17 35 61 89 78 47 91 12 19 99 20 87 62 18 77 29 97 49 57 88 42 28 39 55 23 21 76 3 67 34 65 96 86 68 94 73 8 70 38 60 83 59 56 81 26 36 7 13 45 51 27 64 79 24 100
15 17 97 92 10 45 80 22 78 66 93 44 88 82 90 61 65 63 35 16 14 67 40 11 68 43 85 30 9 98 37 36 86 94 1 42 21 33 70 79 29 3 41 24 96 19 32 54 38 7
45 49 27 80 93 2 29 66 37 36 30 15 76 9 84 75 38 68 96 40 50 73 12 82 52 20 11 14 87 19 53 61 39 25 94 63 92 16 60 83 48 62 55 4 67 58 70 69 81 18 51 56 91 26 23 13 7 42 57 32 90 43 64 24 5 65
74 62 12 83 9 24 52 53 7 56 10 5 71 44 81 22 54 85 73 68 59 34 65 99 4 16 36 67 43 93 60 23 51 19 61 69 41 70 11 80 17 38 84 96 37 3 77 79 46 42
93 58 56 32 33 96 27 8 90 18 35 95 100 16 43 48 45 44 50 75 53 74 1 47 21 73 59 92 19 49 39 11 66 87 55 37 82 88 65 84 40 29 99 2 76 10 24 4 41 64
72 15 11 92 57 63 45 14 24 12 65 80 27 33 94 79 81 2 53 35 34 16 41 59 48 40 99 70 32 13 9 83 4 54 69 78 43 95 17 98 51 1 30 20 64 75 87 44 46 23
15 94 78 79 7 28 68 2 96 93 61 50 91 21 95 14 34 58 75 8 26 48 69 85 81 29 82 11 17 52 39 6 99 31 67 42 88 63 72 16 40 10 59 51 25 71 18 37 27 76 100 57 13 9 24 89 65 19 56 1 20 98
11 52 51 80 9 31 20 78 5 83 66 59 49 29 16 91 100 14 37 77 90 13 62 76 68 72 57 93 39 73 86 71 28 88 61 89 82 84 4 17 85 94 96 15 34 38 12 92 32 8 36 35 64 48 70 55 58 19 18
89 40 32 93 95 92 9 20 8 86 16 10 87 70 34 13 19 77 52 23 64 44 31 27 78 61 62 15 94 24 12 17 99 25 97 45 91 18 50 98 48 85 42 2 51 59 65 88 11 83
37 12 48 81 26 20 97 61 13 90 77 53 43 52 24 10 8 92 46 41 2 84 6 66 19 14 68 35 29 30 34 73 21 58 59 16 27 69 89 64 74 1 75 80 55 9 85 91 47 51 98 72 78 62 17 95 38 82 18 5 54 39 57 50 99 86 25 100 71 33 65 67 83 7 63 88 32 45 87 49 70 31 3 44 96 76 79
86 76 6 81 7 93 34 79 61 27 48 99 53 22 42 54 40 95 85 100 63 92 46 98 16 9 88 57 59 32 83 43 66 38 41 69 67 49 72 29 71 87 4 12 30 13 11 8 39 94 15 52 82 97 10 65 23 45 17 64 50 62 14 89 60 44 25 1 78 18 55 75 28 70 26 90 77 58 68 24 20
100 59 25 27 95 11 10 91 48 23 49 74 58 6 62 26 13 22 66 67 45 50 64 94 92 24 14 39 89 32 81 38 55 16 83 20 17 90 5 44 47 57 52 70 53 30 51 69 73 98
40 46 23 28 31 97 2 99 74 13 38 34 56 22 19 77 78 64 54 35 86 21 4 52 42 92 11 75 26 24 65 68 1 58 85 7 80 8 16 89 30 76 43 69 83 79 45 63 3 47
83 84 49 89 34 53 50 8 43 37 46 78 65 5 75 63 10 62 31 45 97 86 28 52 13 72 56 30 19 96 58 54 20 23 17 57 77 25 24 6 61 14 67 76 64 15 100 26 73 80
19 39 62 6 13 64 22 63 15 81 9 11 57 14 56 8 26 28 37 16 50 31 86 60 4 84 10 80 96 97 44 87 76 69 3 35 23 45 52 66 25 41 21 5 79 17 88 32 48 53
53 94 46 8 87 85 97 56 28 6 61 19 91 99 31 20 84 59 22 33 5 86 83 50 39 23 98 14 49 21 76 74 67 38 69 17 1 16 12 90 81 15 77 93 26 43 45 3 82 32
89 31 56 8 98 71 29 50 35 95 36 33 19 58 59 82 81 22 54 48 12 9 17 94 96 57 38 91 73 77 69 2 41 42 61 5 55 46 39 18 84 85 86 40 23 26 3 80 30 97 16 62 7 44 20 13 51 93 60 21 68 37 52 64 1 27 63 11 74 49 79 4 28 83 75 66 25 87 67 90 15 24 99 47 72 70 76 14 65 43 32 92 45 100 10 6 78 53 88 34
25 14 78 12 75 20 83 5 80 17 100 58 86 94 69 1 56 48 9 82 31 95 35 18 38 97 71 96 70 51 3 64 59 77 73 87 89 63 76 16 99 19 22 6 57 74 46 60 40 34
27 55 94 75 95 51 78 4 67 18 82 16 52 76 39 74 77 91 19 86 66 69 80 37 2 8 60 38 30 9 24 53 11 32 22 72 7 100 6 90 15 83 47 35 17 88 98 42 13 41
79 9 53 27 86 21 48 15 47 55 35 14 98 37 45 91 29 36 6 12 66 1 42 51 75 85 4 5 67 76 19 41 93 100 52 96 83 97 81 38 34 99 56 22 8 39 95 94 64 16 69 2 62 30 78 24 90 23 71 57 46 89 25 17 65 72 33 92 54 77 84 44 7 73 59 88 80 11 58 63 43
82 16 84 33 76 46 6 54 95 89 48 3 78 18 45 93 4 94 66 52 57 100 15 11 85 14 50 34 64 77 92 86 19 40 97 12 25 87 75 98 13 49 83 39 58 96 38 61 10 5 81 73 31 80 69 23 44 63 41 30 99 2 28 47 36 72 65 56 68 43 62 20 71 55 60 21 9 59 53 32 17 37
20 2 5 47 99 94 78 81 30 100 63 98 82 10 23 77 21 16 31 79 72 35 89 69 11 85 28 67 64 32 51 45 41 9 76 27 19 74 15 33 93 75 88 54 97 58 18 92 96 6 61 60 46 68 34 87 40 7 38 1 22 57 48 49 8 42
92 10 80 32 85 17 37 47 63 61 1 18 4 20 19 49 66 68 93 35 31 44 60 91 64 46 78 26 25 43 67 27 82 41 8 39 72 83 98 89 94 100 79 48 74 87 70 88 55 22 84 57 21 73 34 81 28 59
76 1 79 49 6 62 69 61 2 83 43 22 3 72 74 16 31 24 8 60 40 27 84 35 86 13 19 51 94 65 89 29 25 5 97 56 30 73 71 90 59 82 48 96 12 88 57 81 53 68
5 33 20 10 73 67 7 60 63 4 58 92 18 23 29 39 74 56 91 55 89 72 93 22 76 97 94 85 8 27 28 79 14 99 68 13 95 81 87 24 36 64 35 50 48 40 57 86 25 90
65 7 2 82 15 37 43 90 96 26 6 79 98 8 32 1 21 93 56 87 9 67 3 62 69 86 22 16 40 74 63 81 44 48 4 76 78 61 77 39 30 55 28 36 18 54 89 70 68 27
72 25 76 11 56 57 29 50 10 94 4 37 12 33 60 1 28 87 27 40 70 48 67 73 39 9 22 91 89 16 65 45 34 44 6 61 8 97 49 99 83 15 19 13 62 95 64 18 96 31 100 43 24 82 55 26 42 7 52 20 68 93 23 78 17 5 66 63 53
44 38 52 19 61 74 27 2 24 39 4 97 84 31 76 62 81 47 23 99 17 5 20 50 40 33 93 59 75 87 45 85 7 32 90 9 58 46 89 42 13 12 78 25 96 88 71 49 53 18 60
100 22 14 44 2 77 80 19 17 93 54 64 5 87 38 79 89 68 82 47 67 57 30 85 10 83 58 56 1 71 99 9 16 31 55 73 62 49 8 81 20 69 4 25 59 90 63 37 72 45
93 9 12 34 23 39 96 35 51 85 89 79 94 3 73 32 97 48 87 14 95 17 7 46 90 27 40 62 10 98 75 6 53 80 92 91 67 13 58 60 41 36 29 54 59 8 65 83 50 20 78 1 44 19 57 42 82 11 99
95 7 3 89 52 14 60 77 78 98 43 19 92 20 86 56 29 37 53 1 16 81 27 32 24 21 42 46 45 28 61 69 71 79 15 57 51 36 96 8 5 50 87 35 85 6 99 73 33 54 59 63 34 40 4 62 64
91 73 41 75 3 47 34 82 33 50 11 21 7 44 65 6 69 98 18 94 79 23 48 51 4 24 8 85 37 68 32 77 88 83 15 49 27 62 92 64 78 17 93 42 99 54 30 28 63 97
35 91 55 7 63 49 31 50 20 15 10 70 94 21 96 77 4 79 26 48 9 60 90 80 83 71 36 65 43 8 74 53 13 59 100 24 89 23 81 93 78 14 99 66 95 47 27 40 42 6 82 11 1 5 29 76 57 68 17 87 69 32 52 18 16 67 2 38 92 88 19 45 33 56 72 3 64 34 54 86 12 58 22 62 75 28 85 44 39 73 61
11 39 48 41 42 1 71 62 18 19 17 89 5 15 67 100 84 44 25 32 98 36 3 73 75 26 28 29 23 59 34 40 81 54 94 90 76 82 51 52 20 87 7 14 4 61 22 21 27 46 93 6 60 49 12 79 99 80 9 24 83 10 16 33 77 58 55 50 88 57 47
17 89 91 35 86 3 34 14 73 95 75 1 59 28 67 29 51 70 54 82 66 46 30 15 12 80 9 58 42 90 99 60 27 24 43 38 13 18 19 37 63 33 2 4 72 23 10 20 6 31 93 32 47 53 61 92 5 88 84 52 68 56 50 26 55 40 87 39 21 25 16 64 98 71 45 36 48
54 9 71 57 81 78 7 41 42 1 70 96 22 50 11 56 13 58 24 94 89 2 90 72 37 82 4 18 19 84 69 100 5 98 97 95 85 88 14 73 67 47 31 59 83 35 21 30 92 60
93 66 99 57 18 52 41 67 46 79 51 89 100 77 16 2 44 58 42 38 33 92 82 55 97 65 28 64 6 56 87 50 22 12 20 14 11 78 34 85 45 7 10 36 76 71 15 96 13 27 17 1 53 91 74 24 35 60 43 86 9 8 81 31 26 25 98 54 37 21 63 4
93 75 77 1 26 76 90 54 6 17 59 74 5 69 25 29 73 20 61 32 15 79 85 95 16 52 55 100 34 56 45 2 36 24 8 37 57 97 22 35 47 43 72 66 28 13 50 65 10 78 62 71 89 30 51 92 46 48
96 13 20 88 53 1 74 65 64 50 57 86 98 97 11 60 46 24 3 85 35 43 28 29 90 41 49 52 2 94 40 73 81 72 56 42 80 63 58 55 16 45 83 5 27 38 9 59 62 8 51 25 26 70 66 7 61 100 15 31 76 10 79 39 99 82 37 69 6 48 92 91 23 32 89 77 84 54 87 33 17
66 33 53 25 91 71 52 17 19 4 7 98 34 16 14 94 61 6 21 99 22 63 44 11 23 72 46 89 90 60 85 42 5 92 67 10 81 48 95 38 55 30 9 36 26 80 3 13 35 54
2 29 52 66 91 90 59 62 45 30 18 6 36 16 100 35 50 38 24 70 89 95 41 26 47 99 56 75 54 1 87 57 71 46 31 79 51 78 85 96 33 49 76 68 83 53 98 7 64 19 27 3 13 42 61 12 15 4 97 88 8 60 9 73 37 14 67 72 81 22
30 38 81 22 74 68 75 46 29 57 49 72 96 59 15 55 18 20 23 99 9 54 61 69 14 64 62 3 10 80 5 2 53 31 44 11 45 1 36 83 35 41 88 100 33 7 70 84 12 78
53 100 29 4 74 19 88 94 68 34 95 32 7 38 6 51 83 67 31 76 11 91 58 79 3 5 92 73 42 84 41 77 72 13 10 26 75 33 47 43 98 65 20 87 44 30 9 59 63 54 56 22 27 17 49 57 46 78 15 70 93 80 50 96 14 62 35 2 18 40 86 37 97 8 48 71 1 85 16 36 81 12 52 82 69 66 28 64 99 23 55 90 25 21 24 61
41 44 86 6 80 39 37 88 16 94 68 60 96 70 28 76 27 15 65 43 34 8 18 38 58 92 36 24 13 47 63 46 2 33 48 71 23 22 89 19 12 64 90 25 95 35 5 50 74 55 91 49 98 79 1 78 100 52 75 45 17 93 53 85 9 32 83 73 40 54 7 59 20 21 26 61 30 57 14 69 10 51 3 97
3 4 20 96 26 39 29 14 46 1 24 72 41 76 94 13 74 88 56 43 18 64 10 66 87 86 82 95 11 75 71 69 90 38 92 47 65 33 79 60 63 32 8 50 6 35 9 36 70 5
31 46 47 21 51 49 17 91 67 24 69 29 45 98 3 28 34 48 26 22 62 41 43 8 57 1 13 6 80 72 16 7 95 90 52 30 38 5 70 68 73 56 63 42 19 75 82 27 86 85 66 9 58 55 14 35 33 44 100 53 37 39 40 2 92 71 94 87 50 4 79 64 74
10 52 16 51 9 12 49 54 42 34 74 50 83 37 19 3 29 93 44 5 73 61 25 2 14 11 76 99 71 69 13 58 39 60 80 53 75 82 70 17 56 40 4 89 86 81 21 95 22 24
25 75 14 37 43 28 16 95 98 56 57 65 80 51 90 50 46 92 71 53 67 39 13 81 31 78 87 77 96 30 88 99 1 97 8 4 83 85 73 20 22 26 32 64 12 17 38 55 84 24 9 47 89 54 49 52 40 79 34 19 2 18 74 29 45 33
38 1 17 37 90 2 39 30 12 40 45 95 29 42 71 7 75 91 78 19 4 36 34 10 83 33 47 79 66 84 99 93 6 21 32 48 53 85 82 14 56 11 74 87 60 25 43 64 77 5 54 31 20 92 88 98 61 23 57 55 73 65 46 9 28 58 62 18 24 3 35
99 9 36 29 28 5 60 31 65 42 98 6 77 26 76 91 62 95 52 13 27 64 58 55 35 86 69 72 70 1 22 24 97 46 20 23 32 51 68 41 82 59 84 18 25 39 34 47 12 79
48 20 77 24 59 12 29 22 1 92 34 31 7 3 95 16 55 84 44 82 72 57 30 79 52 87 60 5 36 93 49 96 88 21 94 98 23 64 67 100 2 8 56 54 18 41 17 97 74 51
47 58 75 81 6 95 96 55 33 36 71 59 26 79 40 93 86 97 63 42 89 78 12 60 76 28 57 41 14 66 13 38 82 22 39 48 7 2 5 16 62 99 31 50 3 8 56 94 29 24 88 23 53 91 27 49 72 11 77 20 100 65 64 4 17 32 46 80 34
45 12 15 3 77 80 5 52 19 62 48 7 92 25 24 64 35 78 56 17 40 31 84 75 71 8 34 41 46 13 28 23 14 67 21 20 68 51 18 50 100 27 22 82 53 85 88 91 76 59 61 99 95 87 94 57 4 44 39 70 36 86 98 38 58 89 43 79 72 1 32 16 42 54 26 93 29 63 74 33 97 73 60
56 57 53 10 84 92 96 33 38 19 62 3 47 71 28 36 6 60 48 90 100 49 82 22 93 43 55 78 88 80 54 5 15 98 67 46 44 8 42 39 73 52 45 70 85 94 95 87 64 81
18 79 31 42 56 53 89 29 71 25 33 60 39 12 3 15 40 20 78 100 97 24 23 64 34 88 80 65 55 10 7 81 57 36 13 72 19 91 28 11 94 83 54 96 77 61 75 1 58 85
65 8 18 9 7 24 52 4 82 49 19 83 56 29 73 44 33 91 89 6 31 34 51 76 87 69 60 14 39 72 70 95 55 50 67 3 21 43 98 97 53 47 59 63 88 80 90 78 45 86 42 84 40 15 79 11 100 61 12 48 30 16 1 81 36 64 17 75 77 68 96 32 38 2 92 57 27 23 93 25 26 46 10 85 20 62 74 94 54 28
60 98 42 96 75 26 73 70 69 53 13 25 94 38 97 36 65 22 77 5 46 29 87 95 84 41 50 30 72 56 49 33 40 7 31 54 52 80 93 76 44 66 61 32 3 85 20 39 43 89 24 78 88 79 81 67 82 10 99 86 63 34 1 11 18 6 45 91 23 37 4 74 55 9 90
13 29 35 88 32 87 30 80 36 15 58 63 31 5 57 99 92 22 84 51 91 39 94 34 77 93 96 55 81 48 47 56 9 42 7 38 11 83 59 79 19 70 52 85 41 54 25 76 20 16 46 89 74 44 82 49 33 4 65 37 73 60 2 12 97 3 61 8 78 50 53 1 62 72 68 90 17 75 21 69 10 23 18 24 6 100 14 40
48 47 63 62 10 88 86 92 67 37 24 98 72 51 66 19 33 57 75 100 43 83 46 16 26 95 68 52 12 76 4 59 64 11 96 65 42 82 69 89 7 17 27 81 14 2 28 35 38 53 94 21 15 30 5 56 13 3 70 73 55 45 91 25 32 39 49 87 71 31 84 60 79 40 74 58 78 41 6 90
86 93 80 67 39 12 98 69 68 45 38 90 78 7 83 54 56 77 92 58 49 13 4 24 63 18 84 97 31 14 2 16 43 48 60 20 15 11 44 65 5 41 82 88 81 52 34 27 99 23
65 61 19 83 88 63 72 94 29 81 97 75 54 35 96 93 18 52 70 17 55 92 47 82 27 98 85 14 39 12 26 6 40 56 67 22 73 32 28 5 51 23 48 11 64 36 3 46 77 69 59 87 34 50 76 7 84 43 41 86 57 66 90 2 53 44 4 95 24 31 38 13 68 99 74 8 49 58 30 9
30 59 2 77 76 68 42 98 55 97 22 39 24 52 89 92 74 3 86 31 25 10 21 46 16 64 45 44 50 40 38 18 57 100 23 53 56 70 35 17 20 99 5 85 60 29 37 27 7 73
87 49 42 80 94 61 70 14 35 20 95 86 33 53 43 56 59 98 25 23 96 9 37 76 99 4 8 40 38 62 10 11 71 92 57 84 2 72 52 30 67 39 6 75 88 26 93 18 64 79 36 15 68 27 85 97 46 77 63 45 89 69 34 54 48
81 49 85 51 59 65 46 45 5 62 21 4 41 10 36 86 73 35 98 77 9 58 23 3 55 8 42 19 24 16 66 26 92 74 63 79 44 71 38 12 64 30 57 25 53 11 76 37 47 1
63 66 34 85 96 53 16 36 47 98 99 93 67 3 30 92 19 73 1 21 71 70 7 54 2 40 45 76 97 74 22 25 89 13 65 39 52 94 15 27 72 24 55 6 57 33 91 11 83 90
78 15 1 58 45 27 97 22 39 8 92 16 30 87 68 32 13 2 20 33 64 23 84 6 71 56 73 49 67 37 41 72 50 3 100 98 90 74 86 51 10 34 82 94 88 69 89 26 25 4
85 13 60 99 7 79 96 48 28 1 19 45 69 9 78 73 72 11 94 93 89 90 17 91 82 66 67 10 25 36 80 81 33 65 2 41 63 43 23 50 29 12 54 14 15 21 42 34 49 6 59 61
16 59 97 63 2 27 11 48 8 61 78 23 33 28 56 99 25 98 80 19 62 44 94 13 52 9 46 32 75 81 72 92 58 71 41 86 70 85 91 40 51 39 14 83 49 87 79 82 20 43
92 79 93 96 19 85 51 55 35 44 39 62 50 37 27 1 60 45 100 33 66 22 58 16 40 95 52 3 54 83 53 20 26 82 59 4 6 84 25 87 94 56 75 78 86 30 21 34 7 77
98 7 29 68 40 32 63 20 28 2 26 93 5 67 33 34 17 61 83 54 95 41 1 64 48 21 31 15 76 77 69 19 90 36 22 24 46 56 97 38 65 92 9 25 94 45 47 3 11 13 50 75 82 18 51 66 60 6 59 30 85 73 44 37 53 4 58 52
70 97 76 30 46 38 72 82 16 77 3 90 64 78 15 12 26 37 86 91 22 61 67 28 20 95 32 45 100 33 6 11 74 43 81 13 92 48 93 2 1 87 68 34 47 80 99 75 10 66
87 80 98 35 51 67 89 3 93 28 76 63 39 94 61 52 72 50 23 88 95 53 74 49 6 81 86 68 34 91 56 85 10 65 17 16 71 43 24 54 25 78 37 46 33 79 64 75 40 45
92 62 77 47 25 12 14 72 7 76 73 93 58 13 39 35 21 65 26 29 82 44 74 52 61 78 63 85 68 18 48 88 46 95 98 56 4 54 24 87 94 10 99 75 55 90 15 79 3 37
32 73 82 45 62 9 52 60 37 30 59 84 97 11 48 5 20 49 10 83 88 41 12 72 70 23 40 50 2 7 67 54 91 31 24 77 14 65 74 81 98 75 71 94 51 93 92 35 22 36
40 4 84 55 39 59 97 53 15 1 75 5 26 41 32 45 98 25 36 50 20 72 64 38 85 48 44 80 14 82 17 70 65 78 43 42 6 60 100 13 52 95 21 89 74 93 11 12 10 2
69 95 92 87 43 42 77 14 97 86 46 26 8 62 53 76 79 31 39 50 24 80 11 71 28 91 59 70 17 33 22 85 41 30 7 56 36 4 25 6 13 89 47 18 55 82 68 52 51 54
28 24 44 65 13 7 12 96 56 60 94 10 78 74 68 2 98 99 57 87 23 9 45 37 20 73 58 84 77 92 62 27 43 69 53 80 38 85 70 8 83 91 59 17 16 95 1 19 4 46
10 76 66 17 67 23 94 86 92 58 36 25 31 49 77 48 83 82 5 11 56 20 39 4 99 71 93 27 47 37 78 41 79 59 22 24 19 3 62 75 72 32 28 100 53 1 54 14 13 57
10 89 78 51 87 98 57 52 62 72 34 16 11 88 58 61 42 92 83 67 93 60 21 81 9 54 99 64 40 55 94 91 27 35 28 36 19 47 44 77 38 73 70 79 86 76 46 3 15 90
28 40 90 13 16 51 48 76 43 64 62 3 41 22 77 72 59 86 91 5 30 94 29 17 73 84 10 35 18 80 85 46 9 70 97 68 32 27 75 83 15 21 6 82 24 54 61 67 7 58
69 80 83 4 97 95 34 29 3 1 91 77 44 20 52 94 48 23 51 50 57 5 82 49 70 67 26 22 18 56 16 54 71 12 40 38 73 61 78 92 27 10 99 9 2 46 66 47 53 58
2 62 11 86 97 46 49 77 7 50 19 10 52 82 78 12 18 20 4 40 27 28 58 9 56 92 51 83 90 1 79 32 85 14 6 63 22 98 84 26 42 88 91 87 16 89 67 44 53 65 8 48 31 37 81 59 80 30 41 68 75 3 93 39 45 60 34 73 33 15 61 47 66 99 70 71 95 76 24 94 72 38 57 5 74 21 36 25 100 69
28 27 9 24 75 48 52 93 82 19 87 40 34 69 46 3 53 26 30 10 13 14 71 42 35 100 59 20 47 6 37 85 63 36 5 38 97 39 92 89 61 17 70 58 45 57 51 77 84 25
24 63 35 25 38 32 62 52 47 6 14 5 56 7 27 48 15 57 2 64 75 16 60 23 99 1 31 70 87 58 18 82 90 44 77 55 72 41 53 45 33 98 65 22 43 80 17 71 94 100 40 76 13 10 67 68 51 69 46 73 21 85 93 81 83 96 4 95 78 88 29 37 97 28 61 9 79 74 66 8 84 86 59 19 3 11 92 12 91 36 89 39
93 58 100 6 19 42 57 11 38 70 80 29 15 40 96 66 74 4 54 55 2 34 78 69 35 81 91 94 83 52 37 92 79 95 36 32 71 18 67 23 49 60 63 27 47 44 72 17 25 88
80 21 90 82 48 76 40 15 22 1 13 26 34 49 3 53 60 94 85 32 71 42 55 99 31 47 86 79 12 95 66 7 36 100 92 65 58 72 74 10 8 73 37 87 45 77 96 64 5 84 78 11 24 39 20 27 91 88 14 35 97 41 75 51 63 50 16 69 70 2 28 6 9 61
56 4 18 66 73 40 23 52 35 96 62 65 26 99 70 81 77 95 94 60 88 53 41 9 10 76 72 80 89 14 29 22 54 83 45 51 20 85 90 50 13 68 69 91 39 98 82 55 84 25
2 83 77 10 78 81 16 47 98 66 17 22 80 88 90 33 44 73 39 37 64 12 65 29 62 60 67 55 34 53 86 13 40 100 45 8 52 71 14 4 96 23 61 57 1 26 35 85 38 5 41 24 3 59 84 46 6 25 93 69 21 49 91 9 97 94 51 79 19 95 18 15 63 74 68 11
31 64 73 23 33 74 35 55 38 46 67 17 34 28 40 88 6 42 13 5 85 41 21 4 43 49 1 53 26 81 11 57 32 51 95 79 87 2 15 92 19 29 50 65 7 22 89 94 90 45 86 97 56 37 75
27 12 16 33 45 99 81 68 25 7 48 63 62 30 73 98 52 75 34 79 20 38 74 21 85 18 89 50 28 4 10 76 3 9 72 57 100 46 43 82 77 32 91 42 36 84 54 31 83 8
22 92 8 73 9 20 34 76 40 71 36 11 65 21 41 18 57 82 70 24 4 50 83 16 56 42 7 87 91 31 46 26 25 86 95 49 28 53 61 44 99 96 3 68 1 17 14 6 47 100 29 84 2 5 81 19 75 69 66 38 89 39 94 90 15 72 54 51 79 78 52 12 77
50 78 95 48 87 24 58 28 29 82 74 15 81 27 69 18 8 2 46 10 79 9 85 22 12 73 60 92 34 53 6 61 5 71 83 49 97 84 33 14 51 37 21 36 63 72 70 7 1 96 13 55 26 47 4 89 67 40 86 99 54 45 75 91
2 66 55 71 78 48 32 42 92 88 13 61 84 28 5 25 85 90 56 93 15 81 100 18 7 8 72 95 58 64 65 59 1 51 14 38 33 3 94 73 86 82 35 47 68 6 69 41 37 23 45 31 54 30 52 10 19 62 99 26
3 26 41 33 61 12 18 13 20 4 88 36 21 92 82 30 5 80 56 83 2 66 86 67 55 90 8 62 75 59 40 23 28 47 42 46 38 39 48 25 27 60 22 89 72 6 93 84 10 87 77 44 34 53 24 17 68 73 29 70 31 9
80 86 7 48 60 35 28 13 42 49 88 51 58 15 64 75 84 4 56 2 81 95 39 14 79 46 25 43 92 3 21 45 23 93 62 1 55 6 66 54 57 24 70 53 61 96 69 50 32 10 40 76 59 20 73 74 17 29 65 72 9 33 37 85 27 89 36 38 44 87 16 18 78 30 8 5 94 31 63 82 26 12 91 97 67 100 90 41
18 70 90 53 3 87 63 83 34 27 17 76 51 60 31 84 39 68 82 98 21 72 67 35 41 5 77 44 55 56 92 24 96 61 46 88 8 40 100 37 81 75 69 43 71 30 74 95 19 49
19 40 62 36 12 47 37 59 25 5 70 74 18 97 11 89 39 35 17 66 68 69 99 49 60 54 58 95 27 30 64 15 4 96 24 86 48 16 82 2 78 80 71 91 8 7 55 98 57 26 9 52 3 46 13 22 10 23 65 84 6 100 33 34 29 32 1 43 90 87 41 93 72 61 81 83 76 31 79 88 45 44 67 94 42 92 20 75 50 53 56
90 70 36 89 77 28 2 18 97 5 7 6 53 41 65 74 55 83 30 88 94 10 9 42 48 98 58 12 26 17 60 67 71 45 92 91 3 31 62 8 40 56 49 99 57 75 84 22 85 21 25 50 51 39 32 54 80 64 34 29 59 66 82 4 27 63 37 76 81 44 15 86 19 47 24 35 79 23 72 61 20 96 33 69 68 52 14 93 78 1 46 95 73 16
45 22 50 16 51 20 9 8 19 62 73 90 72 49 77 88 28 68 54 83 98 97 99 25 71 52 11 23 41 92 57 26 63 36 6 78 7 79 40 81 96 84 34 35 94 4 53 14 2 30 74 42 66 87 21 43 37 17 89 56 67 65 12 48 64 18 38 75 15 55 46 24 27 5 13 58 100 1 47 29 39 59 69 80 70 60 76 61 31 95 32 85 86
93 40 33 8 91 69 87 59 20 43 84 89 1 52 76 86 97 49 44 72 70 57 61 45 42 10 32 56 66 14 67 53 18 79 80 88 7 24 82 51 21 99 27 64 13 68 90 50 81 62 75 85 17 78 16 100 63 22 15 11 41 73 23 3 83 95 30 26 98 34 54 4 2 29 12 5 48 6 28 47 31 96 19 71
66 34 68 11 38 13 72 12 21 29 15 80 92 18 63 51 37 67 48 86 79 33 95 73 77 7 53 94 19 5 70 97 65 26 100 49 2 24 27 39 85 78 69 56 6 82 83 84 22 54
62 10 64 92 91 16 7 88 41 46 95 57 27 34 90 70 14 38 49 61 54 21 71 99 15 79 67 4 87 65 5 52 20 94 56 13 37 78 44 50 68 8 85 83 55 36 29 17 93 82 80 12 63 22 35 58 33 32 77 98 28 30 81 48 66 60 39 25 19 24
40 99 74 13 10 41 85 9 82 73 55 62 30 77 64 43 20 6 39 54 87 14 26 76 5 95 98 71 29 50 25 67 83 45 94 1 2 49 33 15 34 19 35 36 90 88 32 72 28 75
73 67 89 5 93 6 82 32 56 45 95 28 79 46 58 54 63 8 36 86 51 88 33 92 57 38 23 41 44 4 75 3 65 1 62 94 35 84 18 24 76 66 81 10 78 70 47 40 14 15 43 16 42 85 64 99 13 68 17 71 37 83 27 34 22 91 74 69 100 90 96 87 98 53 19 49 21 48 31 20 7 11 80 29 60 55 52 61 72 77 26 12 30
33 69 55 63 10 78 51 34 75 81 62 18 15 35 21 92 67 46 94 24 7 36 29 77 17 11 53 54 37 90 23 45 76 58 80 87 44 4 65 85 86 95 20 27 8 70 13 74 60 38
32 40 50 31 88 66 37 78 43 44 34 79 83 52 23 35 7 15 22 4 75 81 6 9 77 99 74 71 65 21 60 98 18 96 49 24 25 3 97 64 63 73 92 54 70 56 95 10 90 93 28 55 14 29 1 45 17 30 26 12 53 68 19 13 47 5 42 41 33 58 51 39 87 48 2 38 91 76 62 100 67 57 89 82 80 11 94 27 69 20 85 59 86 84
63 76 55 21 42 91 46 8 54 12 40 62 56 9 10 28 82 58 93 87 95 7 70 50 98 79 53 11 57 75 73 80 15 30 81 19 33 94 78 45 86 37 17 41 72 32 49 84 85 26
1 92 80 93 95 32 55 67 15 59 38 10 100 79 4 77 73 61 74 7 50 28 83 6 90 21 14 3 87 16 25 78 12 34 47 30 26 72 88 99 68 65 49 91 45 41 60 31 51 66
16 29 13 14 82 92 67 90 37 9 23 44 35 31 58 83 26 24 10 42 49 5 77 47 91 20 89 32 100 86 43 70 55 2 15 21 54 87 38 1 28 52 51 12 69 99 78 71 41 33 98 79 80 25 76 63 81 22 11 46 18 97 68 60 30 66 7 40 88 74 64 45 95 93 94 85 17 59 61 65 27 48 56 75 19 53 73 57
9 84 44 86 90 67 47 6 10 75 64 22 14 16 53 68 32 97 21 77 78 88 3 99 42 48 100 8 70 29 41 31 50 30 7 11 65 58 18 37 95 23 89 35 12 60 28 62 25 71 98 59 54 43 74 72 85 2 93 17 57 1 80 26 66 83 96 39 38 87 15 79 13 49 19 91 94 46
55 72 42 35 67 13 84 48 75 3 64 21 100 39 78 19 12 80 56 1 47 27 92 71 24 91 33 74 8 81 77 53 99 20 26 44 5 85 23 70 6 82 86 98 9 79 63 14 15 43 93 95 62 59 66 46
39 93 80 15 19 44 63 47 2 49 72 88 60 92 6 38 75 74 20 25 68 94 11 13 45 81 66 67 73 57 90 42 22 43 79 29 78 77 99 35 95 100 85 8 34 54 12 23 91 55 37 70 76 64 62 97 50 16 4 61 86 7 24 28 31 58 41 89 10 1 96 18 5 69 21 27 53
45 99 57 35 92 51 25 28 97 4 20 48 2 62 7 79 43 40 47 67 60 52 42 33 66 16 27 46 75 8 98 14 6 81 64 26 87 19 91 68 50 10 78 44 77 21 88 18 76 39
97 1 76 5 16 68 24 67 72 35 57 51 74 32 90 54 33 12 4 50 14 46 26 83 92 6 34 84 78 66 99 70 17 9 38 79 23 11 62 49 22 82 39 95 44 91 93 28 47 55 42 48 61 65
