100 50 20
5 25 4 45 39 17 22 10 29 26 36 46 19 43 7 2 48 47 32 35 28 37 8 38 3 23 14 44 41 31 50 42 15 27 18 6 11 13 21 1 49 24 40 33 20 9
5 48 28 12 50 40 45 29 21 4 27 25 10 19 7 32 39 23 22 35 13 24 38 41 42
5 19 25 33 10 20 49 32 26 22 35 24 47 12 37 4 15 7 18 8 11 40 16 29 43
11 12 17 33 41 20 22 49 31 21 24 45 18 5 7 36 34 43 37 39 42 26 15 28 19
10 43 6 11 13 49 47 28 18 35 21 41 17 29 37 2 3 15 36 34 14 24 45 44 48 38 19 39 31
49 47 4 33 7 13 20 3 2 12 42 48 45 50 9 15 27 19 38 36 5 40 11 24 30
13 2 27 24 38 35 17 11 22 10 37 16 21 6 5 15 44 31 18 9 26 3 29 20 36 19 46 8 28 50 41 33 1 45 40
45 30 10 3 11 48 33 5 39 49 15 6 29 42 8 32 41 35 14 26 7 2 12 23 38 43 34 40 46 9 18 24 44 21 25 50 17 36 37 20 31 28 19 22 13 4 27 1
18 42 8 45 15 23 44 13 29 32 47 26 6 33 22 9 3 50 5 4 34 19 40 17 20 12 11 39 41 49 30 37 14 43 25 16
39 20 46 9 3 6 24 19 5 31 28 13 42 49 37 33 16 48 15 21 1 8 7 44 50 45 38 29 35 11 40 17 32 36 27 34 4 30 41 12 47 26 14 10 18 2 43 22
46 41 50 14 26 42 21 17 48 5 2 18 32 33 43 16 45 6 38 3 22 1 34 35 30
33 22 3 32 25 8 34 20 5 48 15 37 39 18 40 29 9 45 31 1 13 7 47 28 46
3 13 32 8 14 27 21 40 37 31 19 42 17 10 2 46 16 30 9 25 7 15 29 49 4
39 33 43 23 35 8 21 12 27 48 26 14 9 40 32 24 11 36 50 7 44 28 31 18 45 6 29 41 4 16 17 22 5 10 1 19 42 30 25 46 47 2 13 3 34 49 37 38 15 20
25 34 14 43 40 28 31 33 13 11 20 49 37 26 15 16 6 4 12 21 22 42 45 47 24 36 2 9 41 35 23 8 46
21 5 23 39 16 17 1 33 26 49 15 10 27 48 37 25 7 42 11 43 13 14 35 29 20 36 41 34 30 19 3 45
47 6 13 34 50 12 36 24 43 14 20 22 41 5 21 28 3 38 7 32 37 15 25 17 8
50 4 6 27 38 10 28 37 3 9 13 29 35 11 25 23 21 8 32 24 18 30 5 47 15
23 25 29 6 12 22 31 36 9 39 33 34 5 14 3 43 2 8 49 10 47 46 15 17 26 28 38 21 20 19 50 45 41 37 42 32 48 13 44
30 16 25 29 23 18 22 35 26 50 2 15 27 17 14 45 11 41 13 21 33 43 42 1 44
36 2 3 11 34 46 32 41 6 16 18 14 29 40 9 22 43 33 39 35 21 38 28 17 37
23 8 43 4 28 10 39 25 47 22 13 1 20 33 48 15 37 5 17 27 7 41 45 32 26
8 16 40 11 4 6 31 20 14 23 29 45 47 15 36 49 50 12 5 13 3 1 26 17 28 10 22 19 39 34 35 25 41 9 38 44 32 24 21 18 42 33 43 46 2 30 7
45 7 9 6 40 34 27 5 41 47 4 28 23 43 22 38 44 29 16 13 10 18 20 24 11
5 45 26 32 15 28 1 24 6 27 10 42 18 29 38 46 36 7 9 11 33 8 40 21 14
18 37 41 30 29 15 2 14 48 26 9 33 4 16 28 7 20 8 43 1 31 24 36 10 11
28 38 17 44 19 41 29 31 48 12 18 39 10 5 40 11 32 27 30 9 8 6 45 36 20 16 43 2 13 33 47 23 42 25 7 24 26 35 46 50 22 1
39 50 16 47 34 2 24 5 20 10 42 32 31 38 11 1 36 8 19 4 18 13 9 41 37 40 49 35 17 6 45 46 26 3 22 28 25 29 14 48 43
46 36 48 12 19 26 49 38 40 14 13 44 17 16 15 24 20 27 23 3 50 8 1 41 37 33 21 11 30
43 4 19 11 8 9 13 18 50 27 33 3 48 47 26 49 36 40 46 30 1 45 34 42 37 12 15 10 29 44
48 15 27 17 13 42 2 10 12 8 20 24 19 39 11 35 45 21 33 5 4 1 29 25 43
14 23 32 12 20 17 41 50 28 2 15 1 25 48 9 46 3 5 29 37 45 38 39 22 33 19 44 4 42 31 24 11
47 49 38 43 36 27 42 37 21 3 40 8 17 41 1 29 44 22 26 14 30 18 25 31 7
29 3 22 34 41 45 25 18 8 46 4 43 42 40 23 11 7 6 9 15 10 27 1 28 2
1 2 37 10 48 44 15 16 41 39 8 49 9 12 50 30 29 47 34 23 22 7 3 25 45
34 50 4 9 20 31 35 11 42 25 12 1 40 29 27 3 41 14 39 18 21 33 17 6 43 48 37 10 16 15 23 7 47 19
39 6 29 30 1 9 24 45 5 16 2 33 15 48 31 12 26 36 35 3 25 44 4 27 41
43 6 15 38 4 20 42 39 10 5 17 25 8 32 49 31 35 2 37 21 45 9 24 1 50 33 23
48 38 29 1 47 24 9 11 7 20 32 34 43 5 30 3 33 50 12 2 21 23 26 35 4 46 25 17 6 41 40 37 31 44 49 15 36 13 14
2 22 34 33 8 46 1 12 25 11 5 30 23 39 32 15 13 41 20 19 50 17 28 24 7
39 5 25 34 6 20 45 27 22 21 33 32 1 44 29 30 13 35 15 28 48 47 46 26 37
22 11 18 50 31 45 47 35 30 10 25 15 14 32 2 28 33 44 36 39 13 6 23 27 40
31 5 16 20 14 4 3 44 23 6 1 47 12 41 2 49 15 40 42 32 18 46 10 27 50 30 21 8 36 11 13 33 43 19 17 45 24
34 12 26 35 7 9 45 28 32 3 36 41 22 2 48 49 18 1 19 40 4 39 42 8 37
37 4 45 38 1 19 48 42 39 28 44 20 14 3 21 11 12 13 49 30 47 25 9 50 6 24 17 36 2 46 35 33 40 31 23 16 43 22 26 27 29
28 37 3 2 33 24 16 48 1 10 42 26 20 41 21 15 31 44 8 38 18 34 17 13 12
9 38 22 45 19 47 28 15 44 10 50 7 43 4 18 32 39 46 3 27 17 35 16 24 11 2 13 29 31 30 6 48
46 48 7 6 11 21 41 34 37 40 26 10 13 35 5 18 17 50 16 39 20 2 42 22 44 19 31 45 27 24 28 32 23 1 29 36 25 43 30 47
4 34 15 18 27 48 30 46 41 38 14 39 32 31 9 45 23 5 16 42 44 24 12 37 21 2 49 10 22 1 28 36 3 33 47 29 7 19 40 8 50 20 35 43 6 25 13 26 17
22 40 1 38 7 2 43 16 17 6 49 8 46 44 3 4 12 5 26 25 28 39 21 29 20 33 41 36 32 30 47 23 45 27 9 37 35
31 15 3 28 27 9 23 14 43 45 22 21 12 26 18 47 49 13 6 39 1 10 4 11 25 16 2 42 30 35 44 40
20 9 21 24 40 5 27 1 46 28 32 30 47 41 15 13 7 22 29 8 37 39 3 38 25
17 19 38 9 22 48 8 43 36 44 15 12 47 26 11 3 33 2 27 7 20 1 23 4 32 39 50 24 34 5 49 18 6 14 25
21 44 40 25 34 8 48 18 9 5 49 16 15 32 6 41 12 50 35 10 27 14 4 23 13 37 20 17 38 36 22
37 13 23 3 46 19 27 5 34 42 36 18 7 11 25 22 9 21 6 17 29 2 15 1 49 16 38 30 20 39 45 10 24 33
38 16 17 10 47 43 34 30 31 35 12 18 25 36 13 21 1 27 48 39 4 28 26 37 22
1 21 14 18 49 24 19 4 46 48 35 6 27 23 42 41 45 31 22 12 39 17 33 28 47 34 3 15 7 44 2 8 10 32 50 37 9 40 20 5 29 25 11 30 43 13 26 36 38 16
9 38 24 33 30 5 25 40 12 2 4 48 31 15 21 32 42 14 50 36 10 6 28 49 34
26 5 23 50 17 21 10 25 38 8 18 19 32 29 48 22 31 14 4 7 33 44 43 41 36
39 27 6 36 17 45 29 8 20 10 41 22 38 1 40 31 42 25 18 34 14 30 47 21 32 5 46
5 6 26 27 23 30 31 13 36 29 44 19 24 38 4 35 22 50 16 2 3 40 41 18 12
22 12 35 42 40 6 39 21 47 50 3 31 45 26 28 5 38 11 13 4 33 18 24 9 46 36 7 8 27 29 16 37 20 10 25 43 34 41
14 11 37 4 34 15 24 5 1 31 29 10 8 26 16 39 49 41 3 19 21 18 33 36 42 50 40 6 7
45 14 5 25 1 48 13 36 35 30 44 15 26 23 39 49 9 29 37 6 11 22 17 20 8
25 34 20 11 13 49 48 6 15 46 42 41 5 1 30 39 14 16 33 40 31 36 27 47 8 35 12 19 45 44 28 17 18 7 50 4 22 26 23 10 3 37
15 20 43 35 30 10 44 26 36 17 38 41 42 39 6 16 40 13 27 22 1 18 37 33 11
37 31 14 3 20 17 40 25 43 26 45 38 7 30 1 8 41 36 5 6 48 22 12 44 24 23 46 34 47
27 44 15 31 16 30 29 32 13 10 48 5 19 50 38 33 8 1 18 9 35 4 47 28 12 26 14 6 34 17 39 2 46 3 24 36 45 40 23 21 42 20 41 25 37 43
33 21 10 47 32 26 48 7 12 42 45 6 19 40 46 43 31 23 49 35 11 38 18 3 39 9 13 30 25 36 41 50 34
38 19 25 34 41 8 37 5 29 18 9 28 20 14 3 44 13 12 39 10 22 49 2 36 27
48 26 44 28 4 38 7 39 32 29 9 5 1 21 43 45 46 15 50 22 6 2 8 20 37 24 31 18 47
2 42 4 13 27 44 49 40 39 11 20 50 48 37 21 15 34 7 18 43 22 38 16 1 5 28 8 9 46 25 23 10 31 36 17 26 3 6 14 33 29 32 47 12 45 24 30 35 41 19
42 21 4 15 1 32 47 12 7 37 16 44 35 36 34 43 13 17 46 20 38 10 33 2 27 6 29 49 19
25 14 47 5 49 16 19 45 48 4 44 7 31 29 11 26 1 43 46 32 37 15 42 18 23 2 35 39 20 38 10
38 32 9 20 19 5 22 28 43 48 46 16 44 4 33 15 6 34 25 47 1 42 17 7 27 13 39
49 14 28 48 18 2 32 30 39 10 9 3 29 21 13 26 33 11 1 23 42 19 44 38 35
20 31 40 50 11 18 21 46 39 38 26 25 5 29 7 22 34 48 1 45 43 33 12 3 13 24 8 32 30
10 40 17 21 9 16 1 37 24 23 32 43 48 22 26 7 38 2 45 41 28 39 31 18 13
28 47 4 40 30 39 49 48 5 36 41 46 26 12 38 15 3 42 6 1 10 2 29 8 21
45 7 25 4 2 5 31 1 39 21 33 30 18 37 20 38 43 9 11 12 46 6 32 36 34
1 9 20 32 18 6 30 42 41 49 7 22 13 4 31 25 33 15 36 43 24 14 8 29 26
5 47 48 7 28 6 25 26 22 1 27 14 4 12 9 40 13 38 10 19 30 37 33 21 29
22 14 15 47 28 19 5 7 29 41 2 20 45 8 38 10 31 48 44 3 17 46 34 4 13
5 16 26 10 20 23 7 37 35 29 2 12 48 49 8 19 13 33 31 36 27 41 32 28 15
43 35 46 47 39 2 21 8 45 33 29 30 27 6 41 4 44 19 25 34 23 48 36 28 42 26 40 13 3 18 31 15 7 49 1 50 17 37 9 20 16 11
8 41 44 43 20 40 9 42 19 33 5 1 46 24 37 32 13 47 28 29 3 15 4 6 2
45 24 10 9 47 44 1 49 15 27 5 31 13 3 40 41 48 6 30 2 7 35 21 38 8
49 6 47 28 41 25 18 19 12 21 39 36 17 30 50 35 13 29 24 7 34 31 4 8 26
47 43 17 34 27 6 3 16 39 24 48 8 33 50 36 20 19 9 12 11 37 13 18 49 26 38 10 42 1 4
32 29 23 3 47 20 1 33 10 41 42 12 49 44 6 25 16 22 48 11 2 9 30 46 24
21 5 4 2 15 43 8 22 33 32 42 14 11 10 6 40 13 31 46 38 7 48 30 37 17 19 45 3 35 20 50 12 28 29 47 9 39 23 41 16 18 44 27 1 34
45 11 44 15 17 20 49 9 50 21 5 42 36 48 3 7 14 8 39 33 13 41 26 10 23
13 35 16 9 31 46 48 38 8 17 20 47 42 30 49 12 11 3 28 6 4 23 19 14 40
4 44 10 22 43 8 40 6 31 28 5 36 47 35 33 12 11 9 42 32 37 2 38 39 29
30 3 22 20 39 16 23 2 9 33 38 10 28 25 42 14 7 21 37 27 36 8 45 24 32 43 13 19 26 46
31 43 17 30 25 10 39 34 21 16 47 6 40 28 50 46 4 42 26 36 1 41 13 7 23
43 19 1 47 14 28 20 35 32 33 26 3 29 31 16 42 27 40 5 49 17 8 22 21 45 25 50 38
11 39 29 44 42 31 20 46 35 4 24 43 23 5 50 49 13 17 6 25 26 1 37 30 7
15 46 22 41 34 44 13 12 18 3 24 50 5 43 4 8 19 14 42 20 1 31 39 32 37
48 5 6 9 47 38 10 27 20 8 40 22 45 49 35 2 17 46 37 50 32 14 3 34 21
