50 30 15
3 24 2 27 14 28 17 5 26 30 16 1 18 19 22 9 7 6 8 10 12 11 29 4 15 13 21 20
13 26 14 30 24 10 20 17 27 11 7 6 23 15 19
28 24 21 27 5 16 1 15 22 2 20 14 6 18 29
7 25 5 18 22 26 13 3 19 27 30 21 8 23 24 6 29 20 10
21 1 22 5 3 7 26 27 18 29 20 23 14 30 4 16 9 8 15 13 19
22 1 25 11 9 2 18 20 16 27 15 14 29 8 28 26 13 21 17 19
30 2 11 3 8 26 9 22 21 13 10 5 12 1 14
19 21 1 28 15 29 7 5 24 25 12 14 9 6 26
18 5 8 16 2 21 23 15 24 11 10 14 12 3 30
5 15 20 21 19 8 13 4 2 18 16 3 27 25 26 30 9 11 24 12 23 22 1 6 7 14 10 29 28 17
26 12 17 8 14 16 6 7 27 13 18 15 3 4 24
13 27 2 9 25 28 10 30 12 18 29 16 22 7 14 24 1 4 20
11 17 29 7 14 19 4 20 1 2 5 8 10 18 15 27 6 30 24 16 26
19 22 28 30 21 8 18 3 4 1 17 7 14 20 11
21 2 9 20 25 4 14 27 12 6 17 29 8 3 28
25 22 10 17 30 3 19 12 18 9 4 11 26 15 6 20 14 16 13
30 23 11 10 26 20 22 19 9 17 29 7 21 16 27
14 29 20 28 25 12 3 22 4 30 13 21 2 1 24 6 23 7 9 19 10 26 5 15 27 17 11 16
20 25 24 12 21 29 17 6 23 15 26 8 27 14 5
19 3 25 17 26 30 4 2 29 13 10 24 9 22 14
7 6 8 18 30 25 3 27 4 24 13 28 22 16 19 9 14 15 29 20 21 26 1 17 23
16 30 17 9 8 15 28 14 11 5 19 21 26 1 4 2 29 27 3 12 23 22 24 10 13 25 18 6 7
12 11 27 17 14 26 1 21 24 25 9 8 28 30 15 18 7 2 22 29 13
30 18 20 26 16 6 9 17 5 29 11 13 23 7 8 10 28 19 12 2
2 26 27 18 7 19 21 12 4 29 14 8 28 5 6
11 18 30 13 20 4 23 22 14 27 9 21 28 24 15 25 10 6
3 24 25 15 9 21 29 22 5 20 18 10 13 4 14 27 6
10 7 15 18 23 4 22 2 11 9 21 24 8 28 3 12 19 26 6 30 29 13 25 17 20 1 5 27 14
6 15 29 26 19 5 17 1 14 21 10 2 4 8 25 28 13 22 27 23 24 3
1 5 28 21 8 4 10 26 30 2 24 11 22 15 9
18 25 22 13 29 14 23 12 21 16 20 27 24 28 26 19 4 2 11 1 10 8 6 9 30 7 3
23 30 14 5 25 4 9 1 15 22 12 20 19 26 3 11 21 6 10 13
12 13 24 25 16 26 9 1 11 30 15 4 27 29 7
18 13 9 7 20 10 23 17 3 5 29 8 11 24 22 12 19 16
28 19 27 23 26 17 25 2 21 5 30 12 22 6 8
14 12 21 9 20 11 19 10 17 29 24 15 22 28 4 23
4 13 19 27 12 28 17 3 15 10 14 2 5 16 22 7 9 24 21 25 29 23
22 6 13 11 16 20 26 3 5 30 21 1 27 23 12 19 4 14 9 25 17 10 24 2 29 15 18 7 28
1 5 4 2 17 27 10 28 30 13 14 21 18 6 3
29 10 4 30 27 28 21 6 5 7 2 9 1 20 24 16 14 18 3 12
3 6 2 14 10 25 17 4 13 22 23 15 26 1 16
17 1 18 29 8 10 7 19 14 24 25 27 28 5 30 13 21 16 3 22 2
30 23 2 13 19 16 3 17 27 14 25 6 7 4 10 24 1 28
12 30 6 15 19 23 13 7 18 22 3 4 21 5 11
3 29 25 15 10 22 28 12 4 14 11 8 6 7 23
7 6 26 15 25 22 3 24 19 17 4 23 21 5 28
8 23 28 24 6 9 5 25 16 1 7 26 4 10 15
10 18 11 7 3 27 12 25 22 17 30 16 6 13 20 5
6 19 8 1 17 29 26 2 24 30 11 14 10 25 7 5 28 12 23 3 20 18 13 4
27 26 8 9 28 17 19 24 29 22 2 4 15 12 14
