20
0 4 6 4 5 7 1 6 10 9 6 8 1 7 10 6 9 5 4 8 
1 0 2 4 5 10 2 6 9 8 1 5 9 6 3 4 2 3 5 9 
4 1 0 8 9 9 7 9 2 4 2 3 1 1 6 9 2 1 2 1 
8 8 9 0 8 7 2 8 5 5 10 5 1 9 5 4 4 9 8 3 
5 8 2 10 0 5 10 10 9 9 5 3 4 9 1 9 2 5 5 6 
4 8 5 4 8 0 9 3 7 1 10 7 3 5 8 4 10 7 7 10 
9 6 8 2 6 10 0 7 7 10 4 7 7 7 10 3 1 6 3 9 
6 7 4 8 7 1 5 0 4 6 3 10 3 1 6 7 10 10 1 10 
10 6 1 1 1 9 10 3 0 8 4 5 9 10 8 5 10 2 4 1 
6 4 2 6 2 10 8 10 10 0 6 7 1 10 2 3 6 2 8 5 
4 6 6 10 2 6 2 3 1 1 0 9 6 9 4 7 6 1 3 8 
4 1 7 5 1 2 7 7 9 3 2 0 9 9 1 3 4 4 3 8 
5 8 8 1 5 10 10 7 1 10 9 3 0 2 6 4 8 4 7 9 
9 9 9 10 7 8 4 8 8 3 2 9 3 0 8 3 9 7 1 5 
4 7 10 1 8 7 8 3 2 5 2 2 4 5 0 4 5 9 7 9 
8 4 5 9 5 4 9 6 1 3 10 4 7 5 1 0 6 3 10 1 
8 4 4 7 5 10 1 2 4 2 1 9 4 1 8 6 0 5 10 2 
3 6 6 10 8 4 4 10 6 1 2 2 1 5 4 4 7 0 9 7 
9 6 9 10 3 5 6 8 10 3 3 5 3 8 7 9 8 2 0 4 
2 6 6 7 10 7 2 9 10 2 8 5 5 10 2 6 2 4 6 0 
