150
0 0 22 0 0 0 0 0 23 0 0 0 0 84 0 0 0 0 0 0 0 0 0 25 0 70 0 0 0 0 0 0 0 0 0 0 0 0 0 0 0 36 0 0 0 0 0 0 0 0 0 0 0 0 76 0 0 0 0 0 0 0 0 0 0 0 0 0 73 0 37 0 0 0 0 0 0 0 0 0 52 0 0 0 39 0 0 0 0 37 0 0 0 82 0 0 0 0 24 0 0 0 73 0 0 0 0 0 0 0 0 18 0 88 0 0 0 0 0 0 0 0 0 0 0 24 0 0 21 0 0 0 94 0 98 0 20 0 0 0 0 0 0 60 0 0 0 69 36 0 
0 0 0 0 0 0 23 0 5 0 0 0 17 0 0 0 84 0 0 0 0 0 0 0 0 0 0 10 0 0 0 0 0 0 0 0 0 15 0 55 0 0 75 0 0 0 0 29 0 0 0 0 20 0 0 4 0 0 0 0 0 85 0 0 0 0 0 0 0 0 0 0 0 0 0 0 0 0 0 0 100 0 0 0 0 0 0 0 0 0 0 39 0 0 78 0 0 0 1 0 8 49 0 0 54 0 0 0 0 0 0 0 0 58 0 0 0 0 0 0 0 0 0 0 0 0 0 0 0 0 0 0 0 100 0 0 0 30 0 0 0 0 0 0 37 0 0 0 38 0 
22 0 0 0 0 0 0 0 0 0 9 0 0 0 87 0 0 0 0 0 34 0 0 0 0 0 0 0 0 0 0 0 0 35 34 0 99 0 0 0 0 0 0 0 0 0 0 0 0 0 0 85 0 0 0 36 0 80 0 0 0 0 0 0 88 99 0 0 0 51 4 0 0 0 8 0 0 0 67 0 0 0 0 0 10 0 0 0 0 67 0 0 0 90 0 0 0 0 0 18 0 0 0 18 39 0 0 0 0 0 0 0 0 0 0 0 3 0 18 0 50 0 0 0 0 0 0 0 0 2 0 0 0 0 0 0 0 0 0 0 0 96 0 0 0 0 0 0 0 74 
0 0 0 0 0 0 0 0 100 76 0 34 0 0 0 85 0 0 0 0 0 0 0 91 0 0 0 65 0 0 0 0 0 0 0 0 0 79 0 0 0 0 0 0 0 0 0 0 0 0 0 0 0 0 9 0 0 0 0 49 0 0 74 73 0 0 0 0 76 23 0 0 0 0 0 0 0 0 0 0 0 0 0 0 0 0 0 0 0 0 90 37 0 0 0 0 0 33 0 74 0 0 0 0 0 49 0 0 75 13 0 0 0 0 0 0 0 0 0 0 0 0 0 0 0 36 0 0 0 45 0 0 70 0 0 0 0 0 0 0 0 0 0 0 0 0 0 0 0 0 
0 0 0 0 0 0 0 0 0 0 0 0 14 0 68 85 0 0 0 0 0 0 0 0 0 0 0 0 14 0 0 97 0 0 35 0 91 0 0 0 0 0 0 0 42 0 14 0 96 0 0 0 0 0 46 62 0 0 0 0 0 0 0 6 0 0 0 0 0 0 0 63 0 0 0 0 0 0 0 52 0 0 64 0 0 0 0 45 0 0 0 0 0 0 0 0 0 56 0 0 0 0 0 0 0 0 0 0 0 0 0 94 0 0 0 0 0 0 0 45 0 0 6 0 35 0 56 0 0 0 86 0 0 0 89 0 66 0 0 43 10 0 0 52 0 0 0 0 0 0 
0 0 0 0 0 0 57 63 0 0 23 60 0 0 0 0 0 0 0 0 62 0 74 0 0 0 0 82 57 0 0 0 5 0 87 0 0 0 0 27 0 0 0 0 0 0 0 0 0 0 0 23 0 0 0 11 10 0 0 0 0 0 0 0 0 0 0 0 29 0 0 30 0 0 0 0 69 0 0 0 0 100 0 0 63 0 0 0 0 0 3 0 0 0 0 0 64 0 0 76 9 0 0 0 0 0 0 0 34 0 0 0 0 0 26 0 0 0 0 0 0 0 0 0 0 0 0 0 0 0 0 0 72 0 0 0 0 0 0 0 0 49 0 0 0 0 22 0 0 0 
0 23 0 0 0 57 0 0 40 0 0 0 0 0 0 0 0 0 0 0 0 0 0 0 64 0 0 0 0 3 0 0 63 0 0 0 0 0 0 0 0 0 0 0 0 0 0 0 34 0 0 0 0 73 38 0 0 61 0 0 80 0 0 0 0 0 0 0 0 0 0 0 0 0 36 0 50 0 0 0 0 0 0 0 21 0 0 92 0 83 6 0 0 0 0 0 0 91 0 0 11 0 0 89 0 0 0 0 0 0 0 0 0 0 0 0 0 0 0 0 0 0 0 0 0 0 0 0 0 0 92 0 76 0 0 0 0 0 62 0 0 0 22 0 0 68 0 0 0 0 
0 0 0 0 0 63 0 0 0 0 0 0 0 0 0 75 68 0 0 0 39 0 0 0 0 0 0 0 0 0 0 0 49 7 1 72 0 23 0 0 0 0 0 0 0 0 0 0 0 0 77 38 0 58 0 0 0 0 0 0 0 0 0 0 0 0 0 0 0 0 0 0 0 0 0 0 0 0 0 0 34 0 50 0 0 0 0 0 0 0 0 0 0 0 0 0 0 0 0 0 0 65 0 95 0 0 0 0 0 0 0 0 0 0 0 0 0 0 0 0 0 0 0 0 35 0 28 0 0 0 0 0 0 0 0 0 0 1 79 0 0 0 0 93 56 0 0 0 45 0 
23 5 0 100 0 0 40 0 0 0 0 0 0 0 0 0 0 76 0 0 0 100 0 0 0 0 0 0 0 0 0 0 0 0 62 0 0 0 0 0 61 0 0 0 0 0 25 0 0 87 0 10 0 0 0 0 0 0 0 0 0 0 0 72 0 0 0 65 0 0 49 0 0 0 50 0 0 0 0 0 0 0 70 0 0 99 0 0 0 0 0 0 0 39 0 0 0 22 0 0 0 0 0 0 59 0 4 0 0 0 0 0 0 0 0 0 0 0 0 0 0 0 0 0 0 0 0 39 0 0 0 0 0 0 0 0 0 0 0 0 0 0 0 0 0 0 0 0 0 50 
0 0 0 76 0 0 0 0 0 0 0 0 0 0 0 0 0 37 0 0 0 0 0 0 0 0 0 0 9 34 0 0 17 0 0 0 0 0 53 0 0 73 16 0 0 78 0 0 0 0 0 0 0 0 0 0 0 0 0 0 0 0 0 79 73 45 0 0 0 0 0 77 16 0 70 0 0 0 0 0 0 27 94 49 73 0 0 0 0 0 49 0 0 0 0 0 0 0 0 0 0 0 0 0 0 0 0 0 0 0 0 0 0 0 0 0 0 0 0 0 0 0 0 0 0 0 0 0 0 0 0 0 0 0 0 0 0 0 0 7 0 0 0 0 54 0 0 0 0 0 
0 0 9 0 0 23 0 0 0 0 0 0 0 0 0 0 0 0 87 0 64 0 8 0 0 0 0 0 55 0 0 0 0 0 13 11 0 0 0 0 0 0 0 0 0 39 0 0 0 70 54 12 0 91 0 37 0 0 0 0 0 35 90 0 0 0 0 0 0 0 0 0 0 0 0 0 70 0 0 0 0 0 0 92 0 0 0 0 98 0 0 0 0 58 0 86 0 0 68 22 0 0 0 0 0 0 0 0 0 0 0 0 0 0 16 0 0 0 0 0 0 0 68 0 0 0 0 0 0 0 0 0 0 98 0 0 0 0 0 0 0 48 0 0 0 0 0 0 0 0 
0 0 0 34 0 60 0 0 0 0 0 0 66 0 0 0 0 0 18 39 0 0 0 93 0 0 0 80 0 0 0 0 15 50 0 99 0 0 0 0 0 0 0 0 27 0 0 0 0 20 0 0 0 0 0 0 0 5 0 0 0 0 9 0 0 0 0 0 35 0 0 0 0 0 0 0 0 0 0 33 0 0 0 0 50 0 0 0 0 0 0 0 0 0 0 0 0 0 0 0 0 0 0 0 0 3 0 48 0 15 0 0 0 0 0 0 0 0 0 0 0 0 0 0 0 31 0 0 0 0 0 0 0 0 0 95 0 0 0 0 0 0 0 0 74 0 0 0 45 0 
0 17 0 0 14 0 0 0 0 0 0 66 0 94 0 0 0 0 30 0 41 0 64 0 25 0 30 0 0 0 98 0 0 0 95 0 0 0 0 0 0 97 0 30 0 0 0 0 0 0 0 0 17 76 0 0 0 0 0 0 0 0 0 0 0 0 0 0 0 0 57 0 0 35 0 57 0 0 0 0 0 38 0 0 0 0 0 0 0 0 0 0 0 66 0 84 0 0 0 0 67 0 0 0 83 0 0 0 0 0 63 0 0 0 0 0 0 0 0 0 86 73 0 0 24 0 0 0 0 0 0 0 0 0 0 0 0 0 0 0 0 0 0 0 0 0 0 0 0 0 
84 0 0 0 0 0 0 0 0 0 0 0 94 0 43 0 0 40 0 0 0 0 0 85 0 0 0 0 0 0 11 0 0 0 0 8 0 0 0 0 0 0 0 0 85 0 0 0 0 88 0 0 0 0 0 0 0 0 0 20 0 20 0 0 84 0 15 0 0 0 0 0 0 0 0 79 0 0 0 80 0 0 10 52 0 89 21 68 89 8 0 0 0 0 0 0 0 0 0 95 86 0 0 0 0 0 0 0 0 0 0 0 0 0 0 0 50 0 0 0 98 0 0 0 0 0 0 0 0 0 0 43 0 0 0 0 0 0 0 0 21 0 0 0 0 0 0 1 0 0 
0 0 87 0 68 0 0 0 0 0 0 0 0 43 0 13 0 0 0 0 95 0 0 25 0 84 3 0 0 0 0 0 0 0 0 0 0 0 0 0 69 20 0 0 0 0 0 11 0 92 36 0 0 0 0 0 0 0 0 0 0 0 0 0 0 12 0 0 0 0 0 0 0 0 0 0 0 0 0 0 0 0 0 0 0 0 0 34 0 100 0 84 0 0 0 0 0 79 0 0 0 0 0 0 0 0 0 0 0 0 0 69 42 0 0 0 51 0 0 0 92 93 0 0 0 0 0 0 0 0 0 0 35 0 0 0 92 0 0 0 0 0 0 0 0 75 0 0 0 0 
0 0 0 85 85 0 0 75 0 0 0 0 0 0 13 0 0 0 0 0 0 0 0 0 0 0 0 0 0 13 0 0 0 0 0 0 0 0 0 0 0 0 0 0 0 0 19 0 86 0 0 0 0 0 0 9 0 0 0 0 0 75 0 67 0 0 0 0 0 0 0 0 68 0 0 69 0 0 0 37 0 82 0 69 0 0 70 0 0 0 0 0 0 0 0 0 53 0 0 0 0 0 0 0 0 0 0 0 0 0 0 0 0 0 0 25 0 0 0 0 0 0 0 0 0 0 0 88 42 0 0 0 8 0 0 0 0 0 0 0 48 0 0 0 0 0 25 0 0 0 
0 84 0 0 0 0 0 68 0 0 0 0 0 0 0 0 0 0 41 0 0 4 0 0 0 0 0 33 83 0 0 17 0 0 0 97 0 0 0 64 0 0 20 0 0 89 0 0 0 0 0 8 0 0 0 0 87 0 29 0 0 0 59 82 93 0 0 0 0 0 5 0 40 0 0 0 0 58 0 78 0 0 0 0 0 0 0 0 0 60 0 0 0 0 0 0 0 0 0 0 35 19 0 0 0 0 0 0 0 0 72 0 0 0 0 0 8 0 0 0 0 0 0 0 0 0 0 19 0 0 0 0 0 0 0 65 0 0 0 0 0 0 29 0 0 6 0 0 0 0 
0 0 0 0 0 0 0 0 76 37 0 0 0 40 0 0 0 0 0 93 0 0 0 0 0 0 0 0 0 0 0 0 0 23 64 98 0 0 0 0 0 0 0 0 0 0 0 54 0 0 0 0 0 0 0 0 0 45 0 0 0 0 0 0 34 0 43 0 0 0 0 0 0 81 0 0 0 0 0 0 0 0 0 0 0 0 0 0 0 0 0 0 0 0 0 55 0 34 0 0 0 97 0 6 0 0 0 0 0 0 0 63 0 0 0 0 0 0 0 0 13 0 0 0 0 0 0 0 0 0 0 6 0 0 0 0 0 0 0 0 55 0 0 0 0 90 0 0 0 0 
0 0 0 0 0 0 0 0 0 0 87 18 30 0 0 0 41 0 0 0 0 0 0 0 0 0 0 27 0 0 16 0 0 0 0 0 0 3 0 0 0 13 0 0 96 0 0 0 46 46 0 0 0 0 0 41 0 0 0 0 0 91 0 0 0 0 0 28 0 78 0 0 0 0 0 0 0 0 50 0 0 0 0 0 0 32 0 0 0 89 0 0 0 38 0 0 0 0 0 0 0 0 0 0 18 0 0 0 0 23 0 0 0 57 74 0 0 70 0 0 0 0 0 84 0 0 4 0 0 51 0 0 0 0 0 0 0 0 0 0 71 0 0 0 0 0 0 0 0 0 
0 0 0 0 0 0 0 0 0 0 0 39 0 0 0 0 0 93 0 0 0 0 0 0 0 0 0 0 96 0 0 0 0 0 0 0 0 14 0 0 0 0 0 32 0 0 0 81 0 0 0 0 38 21 0 0 0 0 100 0 78 17 0 0 0 33 0 0 0 48 0 0 0 0 0 68 0 0 0 0 0 0 0 0 0 77 0 0 82 0 0 0 0 0 0 0 0 0 0 0 0 0 0 0 0 0 0 0 0 0 0 0 0 25 0 0 0 0 0 0 5 0 7 0 0 0 0 21 0 0 0 0 0 0 0 0 0 0 0 0 0 49 0 0 0 0 0 0 0 0 
0 0 34 0 0 62 0 39 0 0 64 0 41 0 95 0 0 0 0 0 0 0 0 0 0 0 0 0 0 3 0 0 0 0 0 0 0 0 0 0 0 0 59 0 0 0 0 0 0 0 0 0 0 0 0 0 83 0 0 0 0 0 0 0 0 0 7 0 0 0 0 0 0 0 0 0 76 0 16 97 0 0 0 0 0 0 0 0 0 0 0 0 0 2 0 0 0 15 0 0 0 10 0 0 48 0 0 0 0 0 0 0 0 0 0 0 13 0 0 8 0 0 0 0 0 0 0 0 0 23 24 0 0 0 0 0 0 0 0 0 0 0 0 0 34 96 0 36 0 0 
0 0 0 0 0 0 0 0 100 0 0 0 0 0 0 0 4 0 0 0 0 0 0 0 0 34 4 0 0 0 0 0 0 0 0 92 0 28 7 0 0 0 0 0 0 0 0 0 0 0 21 64 87 42 0 0 0 57 0 100 0 0 0 0 0 100 0 0 0 0 0 0 0 0 0 0 0 16 0 0 0 0 0 0 0 0 0 69 0 0 0 0 0 0 0 0 0 0 0 0 0 94 0 0 0 25 0 66 0 0 83 0 0 0 0 0 0 78 0 0 0 0 0 46 0 0 0 0 59 0 0 12 0 21 0 0 0 0 0 0 0 28 0 0 0 0 0 81 0 0 
0 0 0 0 0 74 0 0 0 0 8 0 64 0 0 0 0 0 0 0 0 0 0 0 0 4 0 0 0 10 0 0 0 10 0 0 0 92 0 0 19 0 0 45 0 0 0 4 0 0 0 43 0 0 0 0 0 0 0 0 0 62 0 0 0 0 0 0 0 0 0 0 0 0 0 0 0 0 0 40 0 0 0 0 0 0 0 0 0 0 0 0 0 0 0 0 0 0 0 0 0 0 45 0 54 88 0 94 0 0 34 0 0 0 0 0 0 0 0 0 0 0 0 93 0 0 0 0 0 0 0 0 49 0 0 0 0 0 0 0 0 8 0 0 0 0 67 0 0 84 
25 0 0 91 0 0 0 0 0 0 0 93 0 85 25 0 0 0 0 0 0 0 0 0 0 0 83 0 0 0 0 0 0 0 0 0 0 0 0 0 0 0 0 0 0 0 75 0 0 0 0 0 12 0 83 0 0 0 0 56 0 0 0 0 0 0 0 0 0 0 0 0 0 0 0 0 0 0 0 0 0 0 0 80 0 0 0 0 0 0 97 0 0 0 0 94 0 0 0 0 0 0 0 0 69 0 0 0 0 0 0 0 0 0 11 0 0 0 0 0 0 0 0 50 0 60 0 0 0 0 0 0 0 0 0 0 0 0 0 0 80 0 0 0 0 0 80 0 0 0 
0 0 0 0 0 0 64 0 0 0 0 0 25 0 0 0 0 0 0 0 0 0 0 0 0 0 0 0 35 0 89 0 48 78 0 13 0 0 0 0 21 0 0 0 0 72 52 0 0 0 0 0 0 0 0 0 0 0 17 0 16 0 0 0 0 0 47 0 49 0 0 0 0 0 0 0 0 0 0 0 0 0 87 0 0 0 0 0 0 0 0 26 0 75 0 72 0 0 0 0 0 0 0 0 0 0 0 20 0 0 0 0 0 0 10 8 63 41 93 0 0 0 27 0 40 0 0 0 97 0 0 0 0 0 97 86 0 0 0 0 0 24 0 0 0 24 4 0 0 64 
70 0 0 0 0 0 0 0 0 0 0 0 0 0 84 0 0 0 0 0 0 34 4 0 0 0 0 68 0 0 0 0 62 0 0 0 0 0 0 0 0 0 0 21 0 0 0 0 0 0 85 18 0 0 0 0 0 0 0 0 0 0 1 89 0 0 27 0 0 0 0 12 0 55 0 0 0 0 0 0 0 0 0 0 0 0 0 0 77 0 0 0 96 76 0 0 0 84 34 0 55 0 0 53 40 0 64 0 0 0 0 0 0 0 34 0 38 0 0 89 0 0 0 0 0 0 0 0 10 0 0 0 0 0 0 63 49 0 0 0 35 89 0 0 0 0 0 0 0 0 
0 0 0 0 0 0 0 0 0 0 0 0 30 0 3 0 0 0 0 0 0 4 0 83 0 0 0 0 0 0 0 0 0 0 0 48 0 0 0 46 0 0 0 91 0 0 64 0 0 0 0 0 0 0 0 0 0 0 0 93 0 0 0 25 0 0 0 0 0 0 0 0 0 55 0 0 0 0 0 11 9 0 0 67 0 0 0 0 0 0 0 0 0 0 0 0 0 0 0 0 0 0 0 0 0 0 0 0 0 0 0 0 0 0 0 0 37 0 0 0 2 0 0 0 0 0 0 0 0 0 0 0 0 0 0 0 0 0 0 0 0 0 0 0 0 0 0 0 0 0 
0 10 0 65 0 82 0 0 0 0 0 80 0 0 0 0 33 0 27 0 0 0 0 0 0 68 0 0 0 0 0 32 71 0 23 0 0 0 0 0 97 0 0 0 0 0 0 0 0 0 47 0 0 0 0 0 0 0 0 0 6 0 0 0 0 0 0 0 0 0 0 0 0 0 84 0 0 0 0 0 0 32 0 0 0 0 0 0 0 0 98 0 36 0 0 0 0 87 0 0 0 0 0 59 0 0 0 0 64 5 0 0 0 18 73 0 0 57 0 0 0 0 0 0 0 0 0 97 0 0 0 0 0 75 0 0 0 0 0 0 0 0 84 0 0 0 0 0 0 0 
0 0 0 0 14 57 0 0 0 9 55 0 0 0 0 0 83 0 0 96 0 0 0 0 35 0 0 0 0 0 90 0 0 14 92 0 0 0 5 61 0 1 0 12 0 0 0 0 0 0 0 0 0 0 0 37 0 0 0 59 0 0 0 0 1 0 0 0 0 0 0 0 56 36 99 0 0 0 56 0 0 0 0 40 0 72 0 0 0 0 0 0 0 0 0 0 99 0 0 0 0 73 0 0 0 0 0 0 0 0 0 0 0 50 0 0 82 3 73 0 0 0 0 43 0 40 0 0 0 0 0 0 0 9 0 0 0 100 0 0 0 0 0 0 0 0 0 30 0 0 
0 0 0 0 0 0 3 0 0 34 0 0 0 0 0 13 0 0 0 0 3 0 10 0 0 0 0 0 0 0 0 66 0 0 0 0 73 0 16 0 0 0 0 0 0 0 0 0 100 0 0 0 0 39 0 0 0 0 27 0 0 0 0 0 14 0 0 0 0 30 70 0 0 94 0 0 0 0 0 0 0 0 0 0 0 0 0 64 0 45 0 0 0 0 0 0 53 0 0 0 0 0 0 0 0 0 0 0 0 53 0 0 0 0 0 76 0 0 0 0 0 0 59 0 78 49 0 0 0 0 0 0 0 0 0 0 0 0 0 0 0 0 0 32 11 0 0 0 0 0 
0 0 0 0 0 0 0 0 0 0 0 0 98 11 0 0 0 0 16 0 0 0 0 0 89 0 0 0 90 0 0 0 0 0 0 0 0 6 0 96 0 0 0 77 0 0 0 72 0 0 0 0 0 0 0 0 0 0 0 20 0 0 0 0 0 0 22 0 0 0 0 0 0 0 0 0 0 0 0 0 0 0 0 0 30 0 0 0 0 0 0 0 0 0 85 0 0 10 0 12 0 0 0 0 41 0 0 0 0 0 0 96 0 0 0 19 0 84 0 0 37 68 0 0 0 0 0 0 0 0 27 0 0 0 0 0 0 0 0 0 0 0 0 0 0 0 41 0 0 0 
0 0 0 0 97 0 0 0 0 0 0 0 0 0 0 0 17 0 0 0 0 0 0 0 0 0 0 32 0 66 0 0 51 0 0 0 0 0 0 93 0 0 0 0 0 0 0 0 0 0 0 0 3 0 0 0 0 0 36 0 0 0 0 40 97 62 0 34 0 0 84 0 0 0 0 100 0 0 0 0 0 0 0 0 0 0 49 7 0 0 0 57 0 0 0 0 0 0 0 0 0 54 0 57 0 0 97 0 0 0 0 0 0 0 0 0 0 0 76 78 0 0 0 73 0 99 0 0 0 0 0 0 61 0 0 0 0 0 0 0 0 0 0 0 55 92 0 0 0 0 
0 0 0 0 0 5 63 49 0 17 0 15 0 0 0 0 0 0 0 0 0 0 0 0 48 62 0 71 0 0 0 51 0 0 0 39 0 0 0 0 0 28 0 0 0 0 0 0 73 37 0 0 0 0 0 0 0 37 0 43 0 0 0 0 0 0 0 0 0 0 0 0 0 0 12 0 26 0 0 0 79 0 0 54 0 0 0 0 58 0 39 0 0 0 0 0 0 0 0 0 0 0 0 0 0 0 0 0 0 0 0 0 0 0 0 100 0 0 0 0 0 92 0 0 0 0 0 0 0 0 0 0 0 0 0 0 0 0 0 0 0 0 0 0 0 35 0 0 0 95 
0 0 35 0 0 0 0 7 0 0 0 50 0 0 0 0 0 23 0 0 0 0 10 0 78 0 0 0 14 0 0 0 0 0 0 0 0 97 0 0 88 0 0 0 0 0 0 0 0 0 0 0 0 18 0 0 0 20 0 0 0 89 0 0 0 0 0 10 26 0 0 0 0 73 0 0 96 0 0 0 0 0 83 35 0 0 0 0 0 46 0 16 0 0 56 24 0 0 0 0 0 0 0 0 0 0 0 0 0 0 0 0 0 0 0 0 46 0 0 0 74 0 78 0 0 0 46 0 0 0 0 0 38 0 0 0 0 0 0 0 0 0 85 57 0 0 13 0 0 36 
0 0 34 0 35 87 0 1 62 0 13 0 95 0 0 0 0 64 0 0 0 0 0 0 0 0 0 23 92 0 0 0 0 0 0 0 39 0 79 59 0 0 74 0 0 0 0 0 40 91 0 54 0 0 0 0 0 0 0 0 13 0 0 0 0 65 0 0 0 0 0 13 0 0 0 0 0 0 0 0 0 0 60 0 0 0 0 0 8 0 0 0 0 0 0 42 0 0 0 0 0 0 0 0 0 0 0 66 0 0 93 0 0 0 0 0 0 0 91 0 58 0 0 0 0 0 0 0 0 0 0 0 36 0 0 87 0 0 0 0 0 0 0 0 0 0 0 0 0 0 
0 0 0 0 0 0 0 72 0 0 11 99 0 8 0 0 97 98 0 0 0 92 0 0 13 0 48 0 0 0 0 0 39 0 0 0 0 0 0 0 0 0 0 87 0 0 0 0 0 88 72 24 0 0 0 0 0 0 0 0 0 0 0 0 0 0 0 0 0 0 0 0 0 0 0 0 0 82 0 0 0 0 0 0 0 0 0 0 22 0 0 0 0 0 0 0 0 37 0 0 0 89 0 0 0 0 56 0 0 0 0 0 0 0 0 100 0 0 0 0 0 0 0 0 0 0 0 0 0 0 0 0 91 0 0 0 0 0 0 0 64 0 0 0 0 0 0 0 21 0 
0 0 99 0 91 0 0 0 0 0 0 0 0 0 0 0 0 0 0 0 0 0 0 0 0 0 0 0 0 73 0 0 0 0 39 0 0 0 0 0 0 0 12 0 0 0 0 42 0 0 0 99 0 0 0 41 0 0 36 25 0 0 0 0 85 0 0 0 97 20 0 0 0 0 92 0 0 0 0 54 39 0 0 0 0 0 86 0 0 0 0 0 0 44 0 0 0 0 0 0 0 0 61 0 0 0 0 0 0 0 0 0 0 0 0 0 0 57 0 0 2 0 0 0 0 46 0 41 0 0 0 0 0 0 0 0 14 0 44 0 0 0 59 0 0 83 0 0 72 0 
0 15 0 79 0 0 0 23 0 0 0 0 0 0 0 0 0 0 3 14 0 28 92 0 0 0 0 0 0 0 6 0 0 97 0 0 0 0 0 0 0 0 0 10 0 0 0 0 0 0 0 0 31 0 0 0 0 0 0 0 0 0 0 0 0 0 0 100 0 49 0 0 0 0 43 0 0 0 0 0 0 0 0 0 0 0 0 0 0 0 0 0 90 0 0 0 0 0 0 0 0 0 0 0 0 84 0 0 0 0 46 0 62 0 0 0 0 0 0 0 0 0 0 12 0 0 0 0 0 0 52 0 85 0 0 0 0 0 3 0 0 0 0 0 0 0 0 0 0 0 
0 0 0 0 0 0 0 0 0 53 0 0 0 0 0 0 0 0 0 0 0 7 0 0 0 0 0 0 5 16 0 0 0 0 79 0 0 0 0 0 0 83 0 0 80 0 0 0 77 0 0 0 0 0 0 0 0 0 0 0 0 0 0 0 0 0 85 0 98 0 0 0 0 0 0 0 0 0 0 82 0 0 0 0 0 0 27 0 0 0 0 49 0 0 0 95 87 0 0 0 2 0 0 0 82 67 0 0 0 0 0 0 100 0 0 27 0 47 0 0 0 0 0 0 0 0 0 0 0 30 15 63 0 0 0 0 0 78 10 0 0 78 0 0 0 0 0 0 0 0 
0 55 0 0 0 27 0 0 0 0 0 0 0 0 0 0 64 0 0 0 0 0 0 0 0 0 46 0 61 0 96 93 0 0 59 0 0 0 0 0 0 0 0 0 0 0 0 0 0 0 0 0 0 0 0 88 0 0 41 0 0 0 0 0 0 0 0 0 0 0 0 0 0 0 0 0 0 0 0 0 0 67 0 0 0 90 0 0 0 0 0 0 0 0 0 0 0 0 0 0 0 0 0 0 0 85 0 0 0 0 0 0 0 0 0 0 0 0 0 0 52 0 58 0 0 0 0 0 0 0 0 0 0 0 0 0 0 0 0 0 0 0 0 0 0 0 0 0 0 0 
0 0 0 0 0 0 0 0 61 0 0 0 0 0 69 0 0 0 0 0 0 0 19 0 21 0 0 97 0 0 0 0 0 88 0 0 0 0 0 0 0 0 0 0 86 0 49 0 0 0 49 1 0 0 0 0 0 0 0 0 0 16 0 0 0 0 0 0 0 0 0 0 0 0 0 0 0 0 46 0 69 94 10 0 63 0 0 4 0 0 0 0 0 0 0 0 0 0 0 0 0 0 0 0 0 0 0 0 0 0 0 0 0 35 0 0 0 0 0 0 0 0 0 0 0 0 0 0 0 0 0 21 0 0 0 0 26 0 0 0 0 0 1 0 12 0 0 0 0 0 
36 0 0 0 0 0 0 0 0 73 0 0 97 0 20 0 0 0 13 0 0 0 0 0 0 0 0 0 1 0 0 0 28 0 0 0 0 0 83 0 0 0 0 0 0 0 99 0 0 0 0 0 0 0 0 0 30 0 0 0 0 0 0 0 82 86 0 0 0 0 0 0 0 0 0 0 80 0 0 0 0 72 0 0 0 0 0 0 0 0 23 0 0 0 0 0 0 0 0 0 0 0 0 0 0 0 0 0 0 0 0 0 84 82 0 0 70 0 0 0 0 0 0 0 0 0 0 0 12 46 0 0 0 0 18 0 0 0 0 0 67 0 0 0 0 0 0 98 0 0 
0 75 0 0 0 0 0 0 0 16 0 0 0 0 0 0 20 0 0 0 59 0 0 0 0 0 0 0 0 0 0 0 0 0 74 0 12 0 0 0 0 0 0 0 0 0 0 0 0 0 0 0 96 0 0 0 0 0 0 0 0 0 0 0 0 1 0 0 0 0 78 0 0 0 0 0 0 0 0 0 0 0 0 0 0 0 0 0 0 94 0 80 0 16 0 0 0 0 0 0 0 0 0 91 0 62 0 0 0 0 47 0 0 0 61 85 0 0 0 0 0 0 65 0 0 0 0 3 0 0 0 0 0 0 0 0 0 21 0 0 12 21 0 0 0 0 0 0 0 0 
0 0 0 0 0 0 0 0 0 0 0 0 30 0 0 0 0 0 0 32 0 0 45 0 0 21 91 0 12 0 77 0 0 0 0 87 0 10 0 0 0 0 0 0 0 0 0 0 0 0 0 0 0 0 0 0 0 0 0 0 0 0 0 0 0 0 52 0 0 0 0 0 0 0 61 0 0 0 0 0 0 0 0 0 0 0 26 0 90 0 0 0 0 0 0 0 0 0 91 0 0 0 0 0 0 0 0 0 0 0 0 0 57 0 0 0 0 55 0 0 0 8 0 50 97 0 0 49 0 0 0 0 0 0 0 0 0 0 0 0 55 0 0 0 0 0 0 0 0 0 
0 0 0 0 42 0 0 0 0 0 0 27 0 85 0 0 0 0 96 0 0 0 0 0 0 0 0 0 0 0 0 0 0 0 0 0 0 0 80 0 86 0 0 0 0 0 0 0 0 0 0 0 0 0 0 17 0 0 0 0 0 0 0 53 0 0 0 0 0 0 0 0 100 0 0 0 0 0 0 0 0 0 0 0 0 26 0 0 0 0 0 0 0 0 0 0 0 0 0 0 0 40 0 0 0 0 1 0 0 0 0 0 17 0 0 0 0 0 0 0 0 0 0 0 0 0 0 0 0 0 0 0 43 0 0 0 0 0 0 0 0 0 0 0 0 0 0 0 0 2 
0 0 0 0 0 0 0 0 0 78 39 0 0 0 0 0 89 0 0 0 0 0 0 0 72 0 0 0 0 0 0 0 0 0 0 0 0 0 0 0 0 0 0 0 0 0 0 0 0 0 0 0 0 55 0 0 0 0 0 0 0 0 70 0 0 0 0 0 0 0 0 0 0 15 32 4 0 62 0 0 0 0 0 0 48 0 0 0 0 0 0 0 0 81 0 0 0 100 0 0 0 0 0 0 0 0 32 0 0 0 0 0 0 0 78 0 0 0 0 0 0 0 0 0 90 0 0 0 23 0 0 0 0 24 0 47 0 0 0 0 0 0 35 0 0 0 0 0 32 0 
0 0 0 0 14 0 0 0 25 0 0 0 0 0 0 19 0 0 0 0 0 0 0 75 52 0 64 0 0 0 0 0 0 0 0 0 0 0 0 0 49 99 0 0 0 0 0 0 0 0 71 0 75 0 0 0 0 44 40 0 0 19 0 0 0 0 0 0 0 0 0 0 0 0 0 0 0 0 0 3 6 32 0 0 0 0 0 0 0 77 0 0 60 0 0 0 0 0 0 34 0 57 0 0 0 0 70 0 0 0 0 0 0 0 0 0 0 0 79 0 0 34 0 0 77 0 0 0 0 0 0 0 0 0 0 85 0 0 0 0 0 0 0 0 25 0 0 85 0 0 
0 29 0 0 0 0 0 0 0 0 0 0 0 0 11 0 0 54 0 81 0 0 4 0 0 0 0 0 0 0 72 0 0 0 0 0 42 0 0 0 0 0 0 0 0 0 0 0 73 0 0 0 0 0 0 0 0 0 0 0 30 0 0 0 91 92 0 0 81 0 0 0 0 0 0 0 0 0 6 0 0 0 0 87 0 0 0 0 0 0 0 0 0 0 0 0 0 68 0 0 0 32 84 0 14 0 0 75 45 0 0 0 0 0 0 71 0 0 0 0 0 0 0 0 0 0 0 61 41 0 0 0 64 0 48 0 0 0 66 78 0 0 0 0 0 0 0 0 0 0 
0 0 0 0 96 0 34 0 0 0 0 0 0 0 0 86 0 0 46 0 0 0 0 0 0 0 0 0 0 100 0 0 73 0 40 0 0 0 77 0 0 0 0 0 0 0 0 73 0 0 0 0 55 8 0 0 0 0 14 0 83 0 0 0 0 0 0 87 0 0 0 0 0 0 0 0 0 0 0 0 0 99 0 0 0 0 0 0 0 0 0 0 0 0 0 0 0 0 0 0 13 0 0 0 58 0 0 0 0 90 0 0 49 0 0 0 0 0 0 0 0 0 0 0 0 0 0 0 0 0 0 0 0 15 0 0 86 0 0 0 0 0 0 1 0 0 0 0 70 0 
0 0 0 0 0 0 0 0 87 0 70 20 0 88 92 0 0 0 46 0 0 0 0 0 0 0 0 0 0 0 0 0 37 0 91 88 0 0 0 0 0 0 0 0 0 0 0 0 0 0 0 0 0 0 0 0 0 0 0 0 0 0 0 0 28 0 0 0 0 0 69 61 0 0 0 0 64 77 12 0 0 0 0 10 0 0 0 0 0 36 0 0 0 0 48 0 0 0 52 0 0 0 0 0 0 0 0 0 55 0 0 0 0 0 0 0 0 0 0 0 0 0 0 0 0 0 0 0 0 14 0 0 30 0 0 0 0 0 0 0 0 0 0 24 0 0 0 0 0 0 
0 0 0 0 0 0 0 77 0 0 54 0 0 0 36 0 0 0 0 0 0 21 0 0 0 85 0 47 0 0 0 0 0 0 0 72 0 0 0 0 49 0 0 0 0 0 71 0 0 0 0 66 0 0 0 0 0 93 0 0 20 0 0 0 0 0 0 80 0 0 2 0 0 0 0 0 0 0 0 0 46 81 0 0 5 0 75 0 0 0 52 0 0 0 0 0 0 0 0 0 0 0 0 0 0 0 0 0 32 83 0 0 0 0 0 0 73 0 0 0 56 58 0 0 32 0 0 0 3 0 17 27 0 0 0 40 0 52 0 0 0 14 0 0 0 4 0 0 13 0 
0 0 85 0 0 23 0 38 10 0 12 0 0 0 0 0 8 0 0 0 0 64 43 0 0 18 0 0 0 0 0 0 0 0 54 24 99 0 0 0 1 0 0 0 0 0 0 0 0 0 66 0 0 0 24 0 0 0 0 0 0 0 84 40 0 0 0 0 0 0 0 0 0 0 30 0 0 0 0 0 59 0 0 0 0 0 0 47 0 0 31 0 61 0 0 0 0 0 0 0 0 0 0 84 0 78 0 0 0 0 66 0 0 0 0 0 0 0 0 0 0 0 0 0 0 0 92 0 0 0 0 0 0 0 0 0 0 0 0 18 0 0 0 0 0 0 60 0 0 0 
0 20 0 0 0 0 0 0 0 0 0 0 17 0 0 0 0 0 0 38 0 87 0 12 0 0 0 0 0 0 0 3 0 0 0 0 0 31 0 0 0 0 96 0 0 0 75 0 55 0 0 0 0 0 9 0 36 100 0 79 72 0 0 0 0 0 0 0 0 0 15 0 0 0 87 0 0 0 0 0 55 0 42 0 0 0 23 0 98 0 0 0 0 0 0 0 26 0 0 0 95 0 0 0 0 0 0 0 0 0 0 0 0 0 0 0 34 0 0 0 0 22 0 0 0 0 0 0 42 0 75 0 0 0 0 0 0 71 88 0 0 44 0 0 88 0 0 0 0 0 
0 0 0 0 0 0 73 58 0 0 91 0 76 0 0 0 0 0 0 21 0 42 0 0 0 0 0 0 0 39 0 0 0 18 0 0 0 0 0 0 0 0 0 0 0 55 0 0 8 0 0 0 0 0 1 0 0 0 0 0 65 0 0 0 95 0 0 0 0 0 0 0 0 0 0 0 0 64 0 0 0 0 56 0 0 2 0 0 11 0 0 12 0 0 0 0 0 42 0 11 0 0 0 0 0 0 0 0 0 0 0 0 0 5 0 0 0 0 0 0 0 0 0 0 0 0 0 0 0 58 58 0 0 0 0 95 8 0 1 0 0 0 0 0 0 0 0 7 0 0 
76 0 0 9 46 0 38 0 0 0 0 0 0 0 0 0 0 0 0 0 0 0 0 83 0 0 0 0 0 0 0 0 0 0 0 0 0 0 0 0 0 0 0 0 0 0 0 0 0 0 0 24 9 1 0 0 0 0 68 0 0 0 0 2 68 0 0 74 0 0 0 35 0 0 0 54 50 0 0 0 0 0 0 0 0 0 55 0 0 0 0 0 0 0 0 0 0 0 0 0 34 47 0 0 0 0 4 0 0 94 0 0 84 0 0 33 34 16 0 0 0 0 0 0 89 0 0 0 0 0 0 0 0 0 0 0 0 0 13 0 0 0 0 0 0 0 0 0 0 0 
0 4 36 0 62 11 0 0 0 0 37 0 0 0 0 9 0 0 41 0 0 0 0 0 0 0 0 0 37 0 0 0 0 0 0 0 41 0 0 88 0 0 0 0 17 0 0 0 0 0 0 0 0 0 0 0 0 0 0 0 0 0 0 0 0 0 2 0 17 0 0 0 0 54 0 0 82 0 19 0 43 49 0 0 47 0 72 0 0 0 0 0 0 0 46 0 0 0 0 0 0 0 0 0 0 0 0 0 0 0 25 0 0 0 0 58 0 0 0 74 0 0 0 0 0 97 0 0 0 0 0 0 0 0 0 0 0 0 0 0 0 0 75 0 0 0 0 0 0 0 
0 0 0 0 0 10 0 0 0 0 0 0 0 0 0 0 87 0 0 0 83 0 0 0 0 0 0 0 0 0 0 0 0 0 0 0 0 0 0 0 0 30 0 0 0 0 0 0 0 0 0 0 36 0 0 0 0 0 0 0 0 0 0 0 0 0 0 0 0 0 0 0 0 0 0 0 0 0 0 0 0 0 0 0 0 37 0 0 0 0 0 0 0 0 0 0 0 0 0 1 31 0 0 0 0 0 85 0 0 35 0 0 0 0 0 0 0 0 0 0 0 0 0 0 93 99 66 0 0 0 0 0 0 0 40 0 0 0 0 0 0 0 0 0 0 0 0 57 0 0 
0 0 80 0 0 0 61 0 0 0 0 5 0 0 0 0 0 45 0 0 0 57 0 0 0 0 0 0 0 0 0 0 37 20 0 0 0 0 0 0 0 0 0 0 0 0 44 0 0 0 93 0 100 0 0 0 0 0 0 0 40 0 0 0 0 0 0 0 0 0 0 0 0 0 0 0 0 0 0 0 78 0 0 55 0 0 0 0 0 39 0 0 17 43 0 0 0 0 0 0 0 0 2 0 60 0 0 0 0 0 0 0 0 0 0 0 0 0 53 0 0 0 0 0 26 0 0 0 0 0 38 0 0 0 0 0 0 0 0 0 0 98 0 0 0 0 0 0 0 0 
0 0 0 0 0 0 0 0 0 0 0 0 0 0 0 0 29 0 0 100 0 0 0 0 17 0 0 0 0 27 0 36 0 0 0 0 36 0 0 41 0 0 0 0 0 0 40 0 14 0 0 0 0 0 68 0 0 0 0 14 0 0 0 0 0 0 90 25 0 0 0 0 0 0 51 0 0 0 61 0 0 0 0 3 0 0 0 0 0 0 0 0 0 45 0 0 0 0 100 0 0 0 0 0 0 0 0 13 0 0 0 0 0 0 0 0 0 0 0 0 0 0 4 0 0 71 0 0 0 0 0 12 0 0 89 0 83 0 0 0 0 0 0 0 0 0 0 0 0 0 
0 0 0 49 0 0 0 0 0 0 0 0 0 20 0 0 0 0 0 0 0 100 0 56 0 0 93 0 59 0 20 0 43 0 0 0 25 0 0 0 0 0 0 0 0 0 0 0 0 0 0 0 79 0 0 0 0 0 14 0 0 0 0 0 43 29 0 0 0 33 0 0 0 0 11 0 0 0 0 22 0 0 0 0 0 0 76 0 0 0 53 0 0 0 0 0 0 0 0 0 0 0 0 0 0 35 93 0 75 61 0 0 0 0 0 0 0 0 0 0 0 0 0 0 0 0 52 0 0 0 0 6 30 0 0 0 0 0 0 31 0 0 0 0 0 0 0 0 24 0 
0 0 0 0 0 0 80 0 0 0 0 0 0 0 0 0 0 0 0 78 0 0 0 0 16 0 0 6 0 0 0 0 0 0 13 0 0 0 0 0 0 0 0 0 0 0 0 30 83 0 20 0 72 65 0 0 0 40 0 0 0 0 0 0 0 0 0 0 0 0 0 0 0 0 0 0 0 0 0 0 0 0 53 59 0 0 32 0 0 0 0 0 0 0 0 0 0 0 0 0 0 0 0 0 81 0 0 0 0 0 0 0 0 16 0 0 0 29 0 52 0 73 0 0 2 0 0 11 0 0 0 0 0 30 0 0 0 0 0 0 96 0 6 0 0 0 0 0 0 91 
0 85 0 0 0 0 0 0 0 0 35 0 0 20 0 75 0 0 91 17 0 0 62 0 0 0 0 0 0 0 0 0 0 89 0 0 0 0 0 0 16 0 0 0 0 0 19 0 0 0 0 0 0 0 0 0 0 0 0 0 0 0 0 0 0 0 0 0 0 0 0 0 0 0 0 0 0 0 0 0 0 58 0 0 0 0 0 0 0 18 0 0 0 0 0 0 20 0 0 0 0 0 0 0 0 45 0 58 0 69 0 0 0 0 0 0 0 0 0 40 0 0 0 0 0 0 0 0 0 0 0 0 0 0 0 0 0 0 0 0 0 34 0 0 0 0 68 0 0 78 
0 0 0 74 0 0 0 0 0 0 90 9 0 0 0 0 59 0 0 0 0 0 0 0 0 1 0 0 0 0 0 0 0 0 0 0 0 0 0 0 0 0 0 0 0 70 0 0 0 0 0 84 0 0 0 0 0 0 0 0 0 0 0 0 97 0 0 48 0 0 82 0 0 0 31 28 77 0 0 0 0 0 0 0 94 0 0 0 14 0 0 0 0 0 0 0 0 0 0 0 30 0 0 0 0 76 0 0 0 0 56 0 91 0 0 0 0 0 0 0 52 0 0 0 31 0 0 68 0 0 0 0 0 0 0 0 0 32 0 45 0 0 0 29 0 0 11 0 0 0 
0 0 0 73 6 0 0 0 72 79 0 0 0 0 0 67 82 0 0 0 0 0 0 0 0 89 25 0 0 0 0 40 0 0 0 0 0 0 0 0 0 0 0 0 53 0 0 0 0 0 0 40 0 0 2 0 0 0 0 0 0 0 0 0 0 0 0 0 0 0 0 0 0 36 0 0 0 54 0 0 0 0 0 51 0 0 0 0 0 0 0 0 52 0 66 0 0 0 0 0 0 49 0 0 0 87 0 0 0 0 0 0 0 0 0 95 0 0 0 0 0 0 0 0 0 0 51 0 25 0 0 0 0 42 0 0 67 0 0 0 18 44 0 100 51 63 0 7 0 0 
0 0 88 0 0 0 0 0 0 73 0 0 0 84 0 0 93 34 0 0 0 0 0 0 0 0 0 0 1 14 0 97 0 0 0 0 85 0 0 0 0 82 0 0 0 0 0 91 0 28 0 0 0 95 68 0 0 0 0 43 0 0 97 0 0 0 0 43 0 0 0 0 0 0 0 0 0 0 0 0 0 39 23 0 59 0 39 38 0 0 0 0 0 72 0 5 0 0 0 0 0 0 86 0 0 0 3 0 0 0 0 61 0 0 0 0 0 0 0 0 0 0 0 56 0 0 0 0 0 0 43 47 0 0 0 0 0 0 0 4 0 0 66 0 0 0 0 28 0 0 
0 0 99 0 0 0 0 0 0 45 0 0 0 0 12 0 0 0 0 33 0 100 0 0 0 0 0 0 0 0 0 62 0 0 65 0 0 0 0 0 0 86 1 0 0 0 0 92 0 0 0 0 0 0 0 0 0 0 0 29 0 0 0 0 0 0 0 0 0 0 0 0 0 0 4 0 0 54 0 0 0 0 0 0 0 0 0 0 0 0 0 0 0 0 0 99 0 0 100 0 0 0 0 0 0 0 0 0 0 0 43 55 0 0 0 0 0 0 0 0 0 0 0 29 0 0 0 0 66 0 46 0 5 0 0 0 0 0 17 0 0 0 0 0 0 0 0 0 0 0 
0 0 0 0 0 0 0 0 0 0 0 0 0 15 0 0 0 43 0 0 7 0 0 0 47 27 0 0 0 0 22 0 0 0 0 0 0 0 85 0 0 0 0 52 0 0 0 0 0 0 0 0 0 0 0 2 0 0 90 0 0 0 0 0 0 0 0 0 0 0 0 0 0 0 0 0 0 0 5 0 0 88 0 0 0 0 0 0 0 0 0 0 0 0 0 0 0 0 41 0 0 0 0 0 0 0 0 0 0 0 0 0 0 94 0 0 0 0 0 93 74 0 0 0 0 0 0 56 0 0 0 0 34 0 0 0 0 0 0 0 0 0 0 0 16 53 0 0 25 0 
0 0 0 0 0 0 0 0 65 0 0 0 0 0 0 0 0 0 28 0 0 0 0 0 0 0 0 0 0 0 0 34 0 10 0 0 0 100 0 0 0 0 0 0 0 0 0 0 87 0 80 0 0 0 74 0 0 0 25 0 0 0 48 0 43 0 0 0 0 0 0 0 0 20 0 0 41 0 7 0 0 0 0 0 0 0 0 0 5 0 0 0 0 0 0 0 13 0 0 0 0 0 0 0 0 0 0 0 0 26 74 0 0 0 22 0 0 0 0 0 0 0 0 0 0 0 0 0 0 0 0 93 0 0 93 0 59 0 0 0 0 0 85 66 0 0 0 0 0 0 
73 0 0 76 0 29 0 0 0 0 0 35 0 0 0 0 0 0 0 0 0 0 0 0 49 0 0 0 0 0 0 0 0 26 0 0 97 0 98 0 0 0 0 0 0 0 0 81 0 0 0 0 0 0 0 17 0 0 0 0 0 0 0 0 0 0 0 0 0 0 0 0 0 0 0 0 3 45 0 0 0 0 0 77 0 0 0 0 0 0 0 0 0 0 0 0 0 0 0 0 0 0 0 0 0 0 0 0 0 0 0 0 0 0 0 0 0 0 32 0 0 0 10 0 0 0 0 0 0 0 0 0 0 0 0 0 0 0 0 66 0 45 0 41 0 0 0 0 0 0 
0 0 51 23 0 0 0 0 0 0 0 0 0 0 0 0 0 0 78 48 0 0 0 0 0 0 0 0 0 30 0 0 0 0 0 0 20 49 0 0 0 0 0 0 0 0 0 0 0 0 0 0 0 0 0 0 0 0 0 33 0 0 0 0 0 0 0 0 0 0 0 0 27 0 0 0 0 0 0 38 0 0 0 8 46 0 0 0 0 0 0 13 0 0 0 0 0 0 0 0 0 0 0 0 0 0 0 23 0 0 0 0 0 0 0 0 0 0 0 0 0 0 0 0 0 0 0 0 0 0 0 0 10 0 16 0 0 0 0 40 0 0 0 89 0 65 0 0 0 0 
37 0 4 0 0 0 0 0 49 0 0 0 57 0 0 0 5 0 0 0 0 0 0 0 0 0 0 0 0 70 0 84 0 0 0 0 0 0 0 0 0 0 78 0 0 0 0 0 0 69 2 0 15 0 0 0 0 0 0 0 0 0 82 0 0 0 0 0 0 0 0 0 0 0 0 0 0 0 0 0 0 0 64 0 0 41 68 0 0 0 0 0 0 0 0 0 0 0 0 0 0 0 0 0 0 0 0 0 0 31 0 0 0 0 0 0 0 0 0 0 33 0 0 0 0 53 0 0 0 0 0 0 0 0 0 0 0 81 0 0 0 0 0 0 0 0 0 0 0 96 
0 0 0 0 63 30 0 0 0 77 0 0 0 0 0 0 0 0 0 0 0 0 0 0 0 12 0 0 0 0 0 0 0 0 13 0 0 0 0 0 0 0 0 0 0 0 0 0 0 61 0 0 0 0 35 0 0 0 0 0 0 0 0 0 0 0 0 0 0 0 0 0 45 0 0 0 0 0 0 22 0 0 0 0 0 0 0 0 0 0 43 53 0 0 0 0 0 0 0 0 77 0 1 0 0 0 12 0 0 20 0 0 0 30 0 0 0 0 0 0 0 0 0 0 0 0 0 0 0 0 0 86 91 0 0 92 0 78 0 0 0 0 0 0 31 40 0 58 0 0 
0 0 0 0 0 0 0 0 0 16 0 0 0 0 0 68 40 0 0 0 0 0 0 0 0 0 0 0 56 0 0 0 0 0 0 0 0 0 0 0 0 0 0 0 100 0 0 0 0 0 0 0 0 0 0 0 0 0 0 0 0 0 0 0 0 0 0 0 0 27 0 45 0 0 0 99 0 0 0 0 0 40 0 92 0 0 0 0 0 0 0 0 0 68 0 80 0 0 0 0 0 0 0 57 75 21 0 0 0 0 0 0 0 0 0 0 0 0 0 0 0 0 0 0 0 0 0 0 0 0 0 93 0 0 98 49 0 62 0 43 0 0 0 0 0 0 43 0 0 84 
0 0 0 0 0 0 0 0 0 0 0 0 35 0 0 0 0 81 0 0 0 0 0 0 0 55 55 0 36 94 0 0 0 73 0 0 0 0 0 0 0 0 0 0 0 15 0 0 0 0 0 0 0 0 0 54 0 0 0 0 0 0 0 36 0 0 0 20 0 0 0 0 0 0 70 0 0 0 0 0 0 0 0 0 0 32 0 0 0 0 42 30 0 0 63 0 20 0 0 0 0 0 0 0 51 0 0 0 0 0 0 95 60 0 93 50 0 0 0 0 0 0 28 0 56 25 0 0 0 0 0 0 0 0 0 50 0 0 40 0 0 70 0 0 0 0 0 0 0 0 
0 0 8 0 0 0 36 0 50 70 0 0 0 0 0 0 0 0 0 0 0 0 0 0 0 0 0 84 99 0 0 0 12 0 0 0 92 43 0 0 0 0 0 61 0 32 0 0 0 0 0 30 87 0 0 0 0 0 51 11 0 0 31 0 0 4 0 0 0 0 0 0 0 70 0 0 0 0 0 0 35 0 0 0 17 49 0 0 0 0 0 42 0 0 0 0 0 0 0 0 0 88 0 0 0 0 63 0 0 0 0 0 0 11 41 45 0 0 0 0 0 0 0 0 0 29 15 0 0 0 38 93 0 0 0 0 0 87 0 0 0 0 0 0 0 0 15 0 0 27 
0 0 0 0 0 0 0 0 0 0 0 0 57 79 0 69 0 0 0 68 0 0 0 0 0 0 0 0 0 0 0 100 0 0 0 0 0 0 0 0 0 0 0 0 0 4 0 0 0 0 0 0 0 0 54 0 0 0 0 0 0 0 28 0 0 0 0 0 0 0 0 0 99 0 0 0 0 0 1 0 0 0 46 0 0 90 0 0 0 0 0 0 20 0 0 0 0 0 0 0 42 0 0 0 48 0 0 0 0 0 43 0 0 0 65 0 0 16 0 0 30 0 0 0 0 0 0 0 0 0 0 55 0 19 0 0 0 0 13 0 0 0 0 0 0 0 0 96 0 0 
0 0 0 0 0 69 50 0 0 0 70 0 0 0 0 0 0 0 0 0 76 0 0 0 0 0 0 0 0 0 0 0 26 96 0 0 0 0 0 0 0 80 0 0 0 0 0 0 0 64 0 0 0 0 50 82 0 0 0 0 0 0 77 0 0 0 0 41 3 0 0 0 0 0 0 0 0 0 0 0 0 0 0 0 0 0 0 0 0 0 0 0 0 0 22 0 0 5 0 54 0 0 0 0 0 0 0 5 0 0 0 0 0 0 0 0 54 0 0 0 0 0 0 3 0 0 0 68 0 75 85 99 0 3 0 0 0 70 0 0 0 0 0 0 5 0 0 0 0 0 
0 0 0 0 0 0 0 0 0 0 0 0 0 0 0 0 58 0 0 0 0 16 0 0 0 0 0 0 0 0 0 0 0 0 0 82 0 0 0 0 0 0 0 0 0 62 0 0 0 77 0 0 0 64 0 0 0 0 0 0 0 0 0 54 0 54 0 0 45 0 0 0 0 0 0 0 0 0 0 0 0 0 0 63 84 0 0 0 0 0 0 0 0 0 0 0 0 56 0 0 0 73 24 0 0 0 0 51 0 68 0 0 31 0 0 0 0 0 0 47 0 41 0 0 0 0 0 0 0 0 0 0 0 0 0 0 0 0 0 3 0 0 0 0 0 0 0 0 0 0 
0 0 67 0 0 0 0 0 0 0 0 0 0 0 0 0 0 0 50 0 16 0 0 0 0 0 0 0 56 0 0 0 0 0 0 0 0 0 0 0 46 0 0 0 0 0 0 6 0 12 0 0 0 0 0 19 0 0 61 0 0 0 0 0 0 0 5 7 0 0 0 0 0 0 0 1 0 0 0 0 70 24 0 0 0 0 0 0 0 0 0 86 0 0 43 0 0 0 0 0 41 0 0 0 0 0 0 0 0 0 0 0 44 0 0 0 80 0 92 0 0 0 0 0 0 72 0 0 0 0 0 0 0 40 0 0 0 0 0 0 0 0 0 0 0 52 0 0 0 0 
0 0 0 0 52 0 0 0 0 0 0 33 0 80 0 37 78 0 0 0 97 0 40 0 0 0 11 0 0 0 0 0 0 0 0 0 54 0 82 0 0 0 0 0 0 0 3 0 0 0 0 0 0 0 0 0 0 0 0 22 0 0 0 0 0 0 0 0 0 38 0 22 0 0 0 0 0 0 0 0 0 0 0 0 0 0 28 0 0 37 0 0 16 0 89 0 0 13 85 0 0 100 0 0 0 0 0 0 0 0 0 51 0 0 0 0 0 0 0 0 58 0 0 0 9 0 0 42 0 0 70 36 0 0 0 0 0 52 0 0 32 0 0 0 0 7 0 15 0 0 
52 100 0 0 0 0 0 34 0 0 0 0 0 0 0 0 0 0 0 0 0 0 0 0 0 0 9 0 0 0 0 0 79 0 0 0 39 0 0 0 69 0 0 0 0 0 6 0 0 0 46 59 55 0 0 43 0 78 0 0 0 0 0 0 0 0 0 0 0 0 0 0 0 0 35 0 0 0 70 0 0 0 0 0 0 0 0 0 0 0 0 0 0 0 0 0 0 31 0 0 53 0 0 0 0 0 0 0 94 0 0 92 0 0 0 0 0 0 0 0 0 0 0 0 0 41 0 0 0 0 0 0 0 0 0 0 0 0 0 0 0 0 42 0 91 0 0 0 0 0 
0 0 0 0 0 100 0 0 0 27 0 0 38 0 0 82 0 0 0 0 0 0 0 0 0 0 0 32 0 0 0 0 0 0 0 0 0 0 0 67 94 72 0 0 0 0 32 0 99 0 81 0 0 0 0 49 0 0 0 0 0 58 0 0 39 0 88 0 0 0 0 0 40 0 0 0 0 0 24 0 0 0 0 0 0 0 0 0 0 0 0 0 0 0 0 0 0 52 0 0 56 0 0 0 0 0 0 70 0 0 0 0 19 0 0 0 0 0 0 0 20 0 0 0 0 0 0 0 0 0 0 0 0 0 0 0 0 0 31 0 0 71 0 0 0 0 0 0 0 0 
0 0 0 0 64 0 0 50 70 94 0 0 0 10 0 0 0 0 0 0 0 0 0 0 87 0 0 0 0 0 0 0 0 83 60 0 0 0 0 0 10 0 0 0 0 0 0 0 0 0 0 0 42 56 0 0 0 0 0 0 53 0 0 0 23 0 0 0 0 0 64 0 0 0 0 46 0 0 0 0 0 0 0 0 0 0 0 0 0 0 62 0 0 0 0 0 0 0 0 0 0 0 0 0 0 0 0 0 20 0 0 0 0 59 0 0 0 0 0 0 0 0 0 0 0 0 0 0 0 0 0 0 0 0 0 0 0 0 47 0 0 0 0 0 0 0 0 0 0 32 
0 0 0 0 0 0 0 0 0 49 92 0 0 52 0 69 0 0 0 0 0 0 0 80 0 0 67 0 40 0 0 0 54 35 0 0 0 0 0 0 0 0 0 0 0 0 0 87 0 10 0 0 0 0 0 0 0 55 3 0 59 0 0 51 0 0 0 0 77 8 0 0 92 0 0 0 0 63 0 0 0 0 0 0 0 0 0 0 0 0 0 0 0 0 0 0 78 0 0 0 0 0 0 0 33 0 0 0 0 0 0 0 0 0 0 0 0 0 0 7 0 0 0 0 0 0 0 0 0 0 0 81 91 0 0 0 0 0 0 0 0 0 0 0 0 0 0 0 17 0 
39 0 10 0 0 63 21 0 0 73 0 50 0 0 0 0 0 0 0 0 0 0 0 0 0 0 0 0 0 0 30 0 0 0 0 0 0 0 0 0 63 0 0 0 0 48 0 0 0 0 5 0 0 0 0 47 0 0 0 0 0 0 94 0 59 0 0 0 0 46 0 0 0 0 17 0 0 84 0 0 0 0 0 0 0 0 0 0 0 0 97 0 0 0 0 0 0 0 0 0 24 0 0 0 11 0 0 0 0 0 0 0 0 0 0 0 0 0 0 0 0 0 0 0 0 0 0 0 5 37 0 0 0 0 60 0 0 0 0 0 0 0 23 0 0 0 0 0 6 0 
0 0 0 0 0 0 0 0 99 0 0 0 0 89 0 0 0 0 32 77 0 0 0 0 0 0 0 0 72 0 0 0 0 0 0 0 0 0 0 90 0 0 0 0 26 0 0 0 0 0 0 0 0 2 0 0 37 0 0 0 0 0 0 0 0 0 0 0 0 0 41 0 0 32 49 90 0 0 0 0 0 0 0 0 0 0 0 0 0 0 0 0 73 0 0 0 0 0 0 0 0 0 0 0 0 0 0 0 56 0 0 0 0 0 0 88 0 0 0 0 0 0 0 0 0 33 0 78 46 0 0 0 0 0 0 75 0 0 61 0 0 0 0 0 0 0 0 0 0 0 
0 0 0 0 0 0 0 0 0 0 0 0 0 21 0 70 0 0 0 0 0 0 0 0 0 0 0 0 0 0 0 49 0 0 0 0 86 0 27 0 0 0 0 26 0 0 0 0 0 0 75 0 23 0 55 72 0 0 0 76 32 0 0 0 39 0 0 0 0 0 68 0 0 0 0 0 0 0 0 28 0 0 0 0 0 0 0 0 0 0 0 0 0 0 70 0 0 0 0 0 0 0 0 0 0 0 0 95 100 0 0 0 0 81 0 0 0 0 0 0 0 0 0 0 22 28 0 0 0 0 0 0 0 0 42 0 0 0 0 0 0 98 0 78 0 0 0 0 20 0 
0 0 0 0 45 0 92 0 0 0 0 0 0 68 34 0 0 0 0 0 0 69 0 0 0 0 0 0 0 64 0 7 0 0 0 0 0 0 0 0 4 0 0 0 0 0 0 0 0 0 0 47 0 0 0 0 0 0 0 0 0 0 0 0 38 0 0 0 0 0 0 0 0 0 0 0 0 0 0 0 0 0 0 0 0 0 0 0 0 0 0 0 0 0 82 90 0 0 0 0 44 0 0 0 0 0 18 52 24 0 0 0 0 0 92 0 0 17 0 0 0 0 0 0 0 6 0 0 0 0 0 0 0 40 0 0 0 97 0 0 0 0 0 0 0 23 0 0 0 91 
0 0 0 0 0 0 0 0 0 0 98 0 0 89 0 0 0 0 0 82 0 0 0 0 0 77 0 0 0 0 0 0 58 0 8 22 0 0 0 0 0 0 0 90 0 0 0 0 0 0 0 0 98 11 0 0 0 0 0 0 0 0 14 0 0 0 0 5 0 0 0 0 0 0 0 0 0 0 0 0 0 0 0 0 0 0 0 0 0 0 63 0 0 0 0 0 0 0 0 0 0 0 0 0 0 60 0 0 0 0 97 0 0 0 0 2 0 0 0 0 0 0 4 0 0 0 0 57 0 0 0 0 0 0 6 70 0 0 0 0 80 0 0 0 0 0 39 0 0 0 
37 0 67 0 0 0 83 0 0 0 0 0 0 8 100 0 60 0 89 0 0 0 0 0 0 0 0 0 0 45 0 0 0 46 0 0 0 0 0 0 0 0 94 0 0 0 77 0 0 36 0 0 0 0 0 0 0 39 0 0 0 18 0 0 0 0 0 0 0 0 0 0 0 0 0 0 0 0 0 37 0 0 0 0 0 0 0 0 0 0 0 0 0 23 0 0 21 0 0 0 12 64 0 0 0 0 0 0 0 0 0 0 0 0 0 0 0 30 0 0 0 0 0 98 0 0 0 0 0 0 0 0 84 87 37 49 0 0 0 0 0 0 0 0 5 0 0 58 0 0 
0 0 0 90 0 3 6 0 0 49 0 0 0 0 0 0 0 0 0 0 0 0 0 97 0 0 0 98 0 0 0 0 39 0 0 0 0 0 0 0 0 23 0 0 0 0 0 0 0 0 52 31 0 0 0 0 0 0 0 53 0 0 0 0 0 0 0 0 0 0 0 43 0 42 0 0 0 0 0 0 0 0 62 0 97 0 0 0 63 0 0 0 0 0 56 0 0 0 0 0 0 0 0 0 0 0 0 0 0 0 0 0 0 2 0 0 0 0 64 0 0 0 0 0 0 0 0 0 0 0 0 0 0 0 0 0 0 0 0 0 0 0 46 99 0 33 82 0 0 0 
0 39 0 37 0 0 0 0 0 0 0 0 0 0 84 0 0 0 0 0 0 0 0 0 26 0 0 0 0 0 0 57 0 16 0 0 0 0 49 0 0 0 80 0 0 0 0 0 0 0 0 0 0 12 0 0 0 0 0 0 0 0 0 0 0 0 0 0 0 13 0 53 0 30 42 0 0 0 86 0 0 0 0 0 0 0 0 0 0 0 0 0 0 0 0 0 0 0 0 32 0 0 0 0 54 0 0 0 90 0 27 0 0 82 0 0 0 0 0 0 11 0 0 0 0 0 0 0 0 0 0 0 0 0 0 0 0 0 0 0 76 0 0 0 0 0 0 13 0 0 
0 0 0 0 0 0 0 0 0 0 0 0 0 0 0 0 0 0 0 0 0 0 0 0 0 96 0 36 0 0 0 0 0 0 0 0 0 90 0 0 0 0 0 0 0 0 60 0 0 0 0 61 0 0 0 0 0 17 0 0 0 0 0 52 0 0 0 0 0 0 0 0 0 0 0 20 0 0 0 16 0 0 0 0 0 73 0 0 0 0 0 0 0 0 0 0 0 0 0 0 0 0 0 0 0 0 0 6 0 0 0 0 0 0 0 0 7 0 0 0 39 0 0 0 0 0 0 0 28 0 0 57 0 0 0 0 0 0 0 0 0 0 64 73 0 81 0 0 0 0 
82 0 90 0 0 0 0 0 39 0 58 0 66 0 0 0 0 0 38 0 2 0 0 0 75 76 0 0 0 0 0 0 0 0 0 0 44 0 0 0 0 0 16 0 0 81 0 0 0 0 0 0 0 0 0 0 0 43 45 0 0 0 0 0 72 0 0 0 0 0 0 0 68 0 0 0 0 0 0 0 0 0 0 0 0 0 0 0 0 23 0 0 0 0 0 0 0 0 0 0 0 0 95 13 0 0 0 63 0 0 0 0 0 86 0 0 0 0 0 0 0 0 0 9 0 67 0 0 0 98 0 0 0 0 0 0 0 0 39 0 0 0 16 0 0 81 0 0 0 0 
0 78 0 0 0 0 0 0 0 0 0 0 0 0 0 0 0 0 0 0 0 0 0 0 0 0 0 0 0 0 85 0 0 56 0 0 0 0 0 0 0 0 0 0 0 0 0 0 0 48 0 0 0 0 0 46 0 0 0 0 0 0 0 66 0 0 0 0 0 0 0 0 0 63 0 0 22 0 43 89 0 0 0 0 0 0 70 82 0 0 56 0 0 0 0 0 0 0 50 0 0 0 0 0 0 94 0 0 0 0 0 0 0 0 0 0 25 0 0 0 0 0 82 0 0 0 58 0 18 0 0 0 98 0 67 0 0 0 0 0 0 0 0 0 0 38 0 0 0 39 
0 0 0 0 0 0 0 0 0 0 86 0 84 0 0 0 0 55 0 0 0 0 0 94 72 0 0 0 0 0 0 0 0 24 42 0 0 0 95 0 0 0 0 0 0 0 0 0 0 0 0 0 0 0 0 0 0 0 0 0 0 0 0 0 5 99 0 0 0 0 0 0 80 0 0 0 0 0 0 0 0 0 0 0 0 0 0 90 0 0 0 0 0 0 0 0 0 0 0 0 0 0 60 0 56 0 0 90 0 41 0 0 0 0 0 27 0 0 0 0 0 0 0 0 0 0 0 0 54 52 0 0 0 0 0 0 0 0 0 0 0 14 0 0 81 81 0 0 0 0 
0 0 0 0 0 64 0 0 0 0 0 0 0 0 0 53 0 0 0 0 0 0 0 0 0 0 0 0 99 53 0 0 0 0 0 0 0 0 87 0 0 0 0 0 0 0 0 0 0 0 0 0 26 0 0 0 0 0 0 0 0 20 0 0 0 0 0 13 0 0 0 0 0 20 0 0 0 0 0 0 0 0 0 78 0 0 0 0 0 21 0 0 0 0 0 0 0 0 0 0 0 6 0 0 0 0 78 0 0 0 0 0 0 0 66 0 0 37 0 0 0 0 0 72 86 0 0 76 0 0 0 90 0 0 0 0 0 15 20 0 0 0 0 0 0 0 0 0 0 0 
0 0 0 33 56 0 91 0 22 0 0 0 0 0 79 0 0 34 0 0 15 0 0 0 0 84 0 87 0 0 10 0 0 0 0 37 0 0 0 0 0 0 0 0 0 100 0 68 0 0 0 0 0 42 0 0 0 0 0 0 0 0 0 0 0 0 0 0 0 0 0 0 0 0 0 0 5 56 0 13 31 52 0 0 0 0 0 0 0 0 0 0 0 0 0 0 0 0 0 0 0 0 0 0 0 0 0 0 0 0 69 0 0 0 0 0 0 16 0 0 0 0 0 0 0 0 0 0 0 0 0 0 0 0 0 0 0 0 60 0 0 0 0 0 0 0 0 0 0 0 
24 1 0 0 0 0 0 0 0 0 68 0 0 0 0 0 0 0 0 0 0 0 0 0 0 34 0 0 0 0 0 0 0 0 0 0 0 0 0 0 0 0 0 91 0 0 0 0 0 52 0 0 0 0 0 0 0 0 100 0 0 0 0 0 0 100 41 0 0 0 0 0 0 0 0 0 0 0 0 85 0 0 0 0 0 0 0 0 0 0 0 0 0 0 50 0 0 0 0 0 0 0 0 0 0 0 0 0 0 21 0 76 0 0 0 0 0 0 0 0 0 0 0 0 0 0 0 0 0 0 0 0 0 11 0 52 34 0 0 61 81 0 0 0 0 0 0 0 0 0 
0 0 18 74 0 76 0 0 0 0 22 0 0 95 0 0 0 0 0 0 0 0 0 0 0 0 0 0 0 0 12 0 0 0 0 0 0 0 0 0 0 0 0 0 0 0 34 0 0 0 0 0 0 11 0 0 1 0 0 0 0 0 0 0 0 0 0 0 0 0 0 0 0 0 0 0 54 0 0 0 0 0 0 0 0 0 0 0 0 0 0 32 0 0 0 0 0 0 0 0 0 0 88 0 0 0 0 0 0 0 0 0 0 0 0 0 0 0 91 0 0 0 0 40 0 53 79 0 0 0 0 0 0 0 0 0 0 0 0 0 0 0 0 0 86 0 0 0 0 0 
0 8 0 0 0 9 11 0 0 0 0 0 67 86 0 0 35 0 0 0 0 0 0 0 0 55 0 0 0 0 0 0 0 0 0 0 0 0 2 0 0 0 0 0 0 0 0 0 13 0 0 0 95 0 34 0 31 0 0 0 0 0 30 0 0 0 0 0 0 0 0 77 0 0 0 42 0 0 41 0 53 56 0 0 24 0 0 44 0 12 0 0 0 0 0 0 0 0 0 0 0 74 0 48 0 91 0 0 0 69 0 0 0 0 0 0 0 59 0 0 0 0 0 0 0 0 100 0 0 0 0 60 0 0 0 0 0 8 0 0 0 0 0 0 0 0 0 0 3 0 
0 49 0 0 0 0 0 65 0 0 0 0 0 0 0 0 19 97 0 0 10 94 0 0 0 0 0 0 73 0 0 54 0 0 0 89 0 0 0 0 0 0 0 0 40 0 57 32 0 0 0 0 0 0 47 0 0 0 0 0 0 0 0 49 0 0 0 0 0 0 0 0 0 0 88 0 0 73 0 100 0 0 0 0 0 0 0 0 0 64 0 0 0 0 0 0 6 0 0 0 74 0 0 0 0 59 0 0 0 0 0 48 46 0 0 0 0 0 47 48 0 0 0 47 0 0 0 74 0 0 0 0 0 0 0 32 0 0 0 0 0 36 53 0 0 0 0 0 0 0 
73 0 0 0 0 0 0 0 0 0 0 0 0 0 0 0 0 0 0 0 0 0 45 0 0 0 0 0 0 0 0 0 0 0 0 0 61 0 0 0 0 0 0 0 0 0 0 84 0 0 0 0 0 0 0 0 0 2 0 0 0 0 0 0 86 0 0 0 0 0 0 1 0 0 0 0 0 24 0 0 0 0 0 0 0 0 0 0 0 0 0 0 0 95 0 60 0 0 0 88 0 0 0 0 0 0 0 0 0 0 0 0 0 0 0 0 0 26 0 0 0 0 0 0 0 0 0 0 0 0 0 14 0 0 0 0 0 0 0 0 0 0 0 0 0 10 0 0 0 80 
0 0 18 0 0 0 89 95 0 0 0 0 0 0 0 0 0 6 0 0 0 0 0 0 0 53 0 59 0 0 0 57 0 0 0 0 0 0 0 0 0 0 91 0 0 0 0 0 0 0 0 84 0 0 0 0 0 0 0 0 0 0 0 0 0 0 0 0 0 0 0 0 57 0 0 0 0 0 0 0 0 0 0 0 0 0 0 0 0 0 0 0 0 13 0 0 0 0 0 0 48 0 0 0 36 0 0 0 0 0 0 71 0 0 0 0 59 74 0 0 0 0 0 84 0 0 0 0 0 0 0 0 25 0 1 0 28 0 0 0 0 0 45 0 0 0 0 0 0 0 
0 54 39 0 0 0 0 0 59 0 0 0 83 0 0 0 0 0 18 0 48 0 54 69 0 40 0 0 0 0 41 0 0 0 0 0 0 0 82 0 0 0 0 0 0 0 0 14 58 0 0 0 0 0 0 0 0 60 0 0 81 0 0 0 0 0 0 0 0 0 0 0 75 51 0 48 0 0 0 0 0 0 0 33 11 0 0 0 0 0 0 54 0 0 0 56 0 0 0 0 0 0 0 36 0 0 72 0 0 0 0 0 0 0 0 0 82 0 0 0 65 0 0 0 0 0 0 0 0 0 0 0 0 0 0 0 0 27 0 0 0 0 0 0 0 0 0 0 0 0 
0 0 0 49 0 0 0 0 0 0 0 3 0 0 0 0 0 0 0 0 0 25 88 0 0 0 0 0 0 0 0 0 0 0 0 0 0 84 67 85 0 0 62 0 0 0 0 0 0 0 0 78 0 0 0 0 0 0 0 35 0 45 76 87 0 0 0 0 0 0 0 0 21 0 0 0 0 0 0 0 0 0 0 0 0 0 0 0 60 0 0 0 0 0 94 0 0 0 0 0 91 59 0 0 0 0 0 0 96 0 0 0 0 0 0 0 0 0 0 0 0 63 0 0 0 0 0 0 0 0 0 0 0 0 0 0 3 0 0 0 0 0 0 0 87 0 0 0 0 32 
0 0 0 0 0 0 0 0 4 0 0 0 0 0 0 0 0 0 0 0 0 0 0 0 0 64 0 0 0 0 0 97 0 0 0 56 0 0 0 0 0 0 0 0 1 32 70 0 0 0 0 0 0 0 4 0 85 0 0 93 0 0 0 0 3 0 0 0 0 0 0 12 0 0 63 0 0 0 0 0 0 0 0 0 0 0 0 18 0 0 0 0 0 0 0 0 78 0 0 0 0 0 0 0 72 0 0 0 51 0 0 0 0 0 9 57 0 61 0 0 72 0 40 0 0 0 0 0 0 0 0 0 0 0 0 0 0 0 97 0 0 10 0 0 39 0 71 0 0 0 
0 0 0 0 0 0 0 0 0 0 0 48 0 0 0 0 0 0 0 0 0 66 94 0 20 0 0 0 0 0 0 0 0 0 66 0 0 0 0 0 0 0 0 0 0 0 0 75 0 0 0 0 0 0 0 0 0 0 13 0 0 58 0 0 0 0 0 0 0 23 0 0 0 0 0 0 5 51 0 0 0 70 0 0 0 0 95 52 0 0 0 0 6 63 0 90 0 0 0 0 0 0 0 0 0 0 0 0 0 0 0 46 0 0 9 0 0 0 0 0 0 0 0 0 0 0 0 95 0 0 0 73 0 0 0 0 0 0 0 0 0 0 0 0 0 0 53 0 0 0 
0 0 0 75 0 34 0 0 0 0 0 0 0 0 0 0 0 0 0 0 0 0 0 0 0 0 0 64 0 0 0 0 0 0 0 0 0 0 0 0 0 0 0 0 0 0 0 45 0 55 32 0 0 0 0 0 0 0 0 75 0 0 0 0 0 0 0 0 0 0 0 0 0 0 0 0 0 0 0 0 94 0 20 0 0 56 100 24 0 0 0 90 0 0 0 0 0 0 0 0 0 0 0 0 0 96 51 0 0 0 0 34 0 0 0 0 0 0 0 55 0 0 0 0 44 0 0 0 55 87 0 0 0 0 0 0 0 0 0 0 0 0 0 0 0 0 0 0 0 0 
0 0 0 13 0 0 0 0 0 0 0 15 0 0 0 0 0 0 23 0 0 0 0 0 0 0 0 5 0 53 0 0 0 0 0 0 0 0 0 0 0 0 0 0 0 0 0 0 90 0 83 0 0 0 94 0 35 0 0 61 0 69 0 0 0 0 0 26 0 0 31 20 0 0 0 0 0 68 0 0 0 0 0 0 0 0 0 0 0 0 0 0 0 0 0 41 0 0 21 0 69 0 0 0 0 0 0 0 0 0 28 0 0 0 70 0 0 0 0 0 0 0 0 3 0 11 0 0 0 0 0 0 0 0 0 0 0 0 0 0 0 0 0 0 0 0 0 0 0 0 
0 0 0 0 0 0 0 0 0 0 0 0 63 0 0 0 72 0 0 0 0 83 34 0 0 0 0 0 0 0 0 0 0 0 93 0 0 46 0 0 0 0 47 0 0 0 0 0 0 0 0 66 0 0 0 25 0 0 0 0 0 0 56 0 0 43 0 74 0 0 0 0 0 0 0 43 0 0 0 0 0 0 0 0 0 0 0 0 97 0 0 27 0 0 0 0 0 69 0 0 0 0 0 0 0 0 0 0 0 28 0 0 0 0 0 55 0 0 0 0 0 0 0 0 0 0 0 0 0 0 0 0 0 79 0 33 15 0 0 0 0 0 0 0 15 23 0 0 0 0 
18 0 0 0 94 0 0 0 0 0 0 0 0 0 69 0 0 63 0 0 0 0 0 0 0 0 0 0 0 0 96 0 0 0 0 0 0 0 0 0 0 0 0 0 0 0 0 0 0 0 0 0 0 0 0 0 0 0 0 0 0 0 0 0 61 55 0 0 0 0 0 0 0 95 0 0 0 0 0 51 92 0 0 0 0 0 0 0 0 0 0 0 0 0 0 0 0 0 76 0 0 48 0 71 0 0 0 46 34 0 0 0 0 0 0 0 0 19 0 0 0 0 0 0 0 0 0 0 0 0 91 13 0 0 66 0 0 0 0 0 0 31 0 0 42 0 0 0 21 0 
0 0 0 0 0 0 0 0 0 0 0 0 0 0 42 0 0 0 0 0 0 0 0 0 0 0 0 0 0 0 0 0 0 0 0 0 0 62 100 0 0 84 0 57 17 0 0 0 49 0 0 0 0 0 84 0 0 0 0 0 0 0 91 0 0 0 0 0 0 0 0 0 0 60 0 0 0 31 44 0 0 19 0 0 0 0 0 0 0 0 0 0 0 0 0 0 0 0 0 0 0 46 0 0 0 0 0 0 0 0 0 0 0 88 0 40 0 0 0 0 0 0 0 24 30 10 0 0 0 0 0 0 0 0 0 0 0 0 0 0 0 0 0 0 0 0 75 0 86 0 
88 58 0 0 0 0 0 0 0 0 0 0 0 0 0 0 0 0 57 25 0 0 0 0 0 0 0 18 50 0 0 0 0 0 0 0 0 0 0 0 35 82 0 0 0 0 0 0 0 0 0 0 0 5 0 0 0 0 0 0 16 0 0 0 0 0 94 0 0 0 0 30 0 0 11 0 0 0 0 0 0 0 59 0 0 0 81 0 0 0 2 82 0 86 0 0 0 0 0 0 0 0 0 0 0 0 0 0 0 0 0 0 88 0 0 0 65 0 0 16 0 0 0 21 0 79 0 29 0 0 0 0 0 8 13 0 0 0 0 3 0 0 0 0 0 0 0 0 0 0 
0 0 0 0 0 26 0 0 0 0 16 0 0 0 0 0 0 0 74 0 0 0 0 11 10 34 0 73 0 0 0 0 0 0 0 0 0 0 0 0 0 0 61 0 0 78 0 0 0 0 0 0 0 0 0 0 0 0 0 0 0 0 0 0 0 0 0 22 0 0 0 0 0 93 41 65 0 0 0 0 0 0 0 0 0 0 0 92 0 0 0 0 0 0 0 0 66 0 0 0 0 0 0 0 0 0 9 9 0 70 0 0 0 0 0 0 0 0 0 0 0 8 0 0 0 0 0 24 0 0 0 0 0 0 18 0 0 0 0 0 0 0 82 15 13 0 0 76 0 0 
0 0 0 0 0 0 0 0 0 0 0 0 0 0 0 25 0 0 0 0 0 0 0 0 8 0 0 0 0 76 19 0 100 0 0 100 0 0 27 0 0 0 85 0 0 0 0 71 0 0 0 0 0 0 33 58 0 0 0 0 0 0 0 95 0 0 0 0 0 0 0 0 0 50 45 0 0 0 0 0 0 0 0 0 0 88 0 0 2 0 0 0 0 0 0 27 0 0 0 0 0 0 0 0 0 0 57 0 0 0 55 0 40 0 0 0 70 0 0 0 0 0 7 0 0 0 0 0 0 0 0 0 0 0 0 60 0 0 0 0 0 0 0 27 0 0 0 0 0 0 
0 0 3 0 0 0 0 0 0 0 0 0 0 50 51 0 8 0 0 0 13 0 0 0 63 38 37 0 82 0 0 0 0 46 0 0 0 0 0 0 0 70 0 0 0 0 0 0 0 0 73 0 34 0 34 0 0 0 0 0 0 0 0 0 0 0 0 0 0 0 0 0 0 0 0 0 54 0 80 0 0 0 0 0 0 0 0 0 0 0 0 0 7 0 25 0 0 0 0 0 0 0 0 59 82 0 0 0 0 0 0 0 0 65 0 70 0 0 0 0 0 0 0 0 0 0 0 0 0 90 0 0 0 0 44 17 0 0 0 0 0 0 0 0 78 0 0 100 0 0 
0 0 0 0 0 0 0 0 0 0 0 0 0 0 0 0 0 0 70 0 0 78 0 0 41 0 0 57 3 0 84 0 0 0 0 0 57 0 47 0 0 0 0 55 0 0 0 0 0 0 0 0 0 0 16 0 0 0 0 0 29 0 0 0 0 0 0 0 0 0 0 0 0 0 0 16 0 0 0 0 0 0 0 0 0 0 0 17 0 30 0 0 0 0 0 0 37 16 0 0 59 0 26 74 0 0 61 0 0 0 0 19 0 0 0 0 0 0 0 0 0 0 0 0 0 0 0 0 0 0 0 0 29 79 0 0 0 98 0 0 0 0 0 0 0 85 0 32 5 0 
0 0 18 0 0 0 0 0 0 0 0 0 0 0 0 0 0 0 0 0 0 0 0 0 93 0 0 0 73 0 0 76 0 0 91 0 0 0 0 0 0 0 0 0 0 0 79 0 0 0 0 0 0 0 0 0 0 53 0 0 0 0 0 0 0 0 0 0 32 0 0 0 0 0 0 0 0 0 92 0 0 0 0 0 0 0 0 0 0 0 64 0 0 0 0 0 0 0 0 91 0 47 0 0 0 0 0 0 0 0 0 0 0 0 0 0 0 0 0 0 0 0 43 0 27 0 0 31 0 0 0 9 0 0 0 0 0 65 0 23 0 0 0 0 67 0 0 0 0 0 
0 0 0 0 45 0 0 0 0 0 0 0 0 0 0 0 0 0 0 0 8 0 0 0 0 89 0 0 0 0 0 78 0 0 0 0 0 0 0 0 0 0 0 0 0 0 0 0 0 0 0 0 0 0 0 74 0 0 0 0 52 40 0 0 0 0 93 0 0 0 0 0 0 0 0 0 0 47 0 0 0 0 0 7 0 0 0 0 0 0 0 0 0 0 0 0 0 0 0 0 0 48 0 0 0 0 0 0 55 0 0 0 0 16 0 0 0 0 0 0 0 0 0 0 0 0 0 0 0 2 0 0 0 0 0 0 0 0 97 0 0 0 0 0 0 0 0 0 38 45 
0 0 50 0 0 0 0 0 0 0 0 0 86 98 92 0 0 13 0 5 0 0 0 0 0 0 2 0 0 0 37 0 0 74 58 0 2 0 0 52 0 0 0 0 0 0 0 0 0 0 56 0 0 0 0 0 0 0 0 0 0 0 52 0 0 0 74 0 0 0 33 0 0 0 0 30 0 0 0 58 0 20 0 0 0 0 0 0 0 0 0 11 39 0 0 0 0 0 0 0 0 0 0 0 65 0 72 0 0 0 0 0 0 0 0 0 0 0 0 0 0 0 0 46 17 0 0 0 0 84 0 0 0 0 0 0 0 0 0 0 0 0 0 0 0 0 0 35 0 0 
0 0 0 0 0 0 0 0 0 0 0 0 73 0 93 0 0 0 0 0 0 0 0 0 0 0 0 0 0 0 68 0 92 0 0 0 0 0 0 0 0 0 0 8 0 0 34 0 0 0 58 0 22 0 0 0 0 0 0 0 73 0 0 0 0 0 0 0 0 0 0 0 0 0 0 0 0 41 0 0 0 0 0 0 0 0 0 0 0 0 0 0 0 0 0 0 0 0 0 0 0 0 0 0 0 63 0 0 0 0 0 0 0 0 8 0 0 0 0 0 0 0 69 0 0 0 0 0 0 0 0 0 0 0 0 0 0 0 0 0 0 0 0 89 0 0 0 59 0 0 
0 0 0 0 6 0 0 0 0 0 68 0 0 0 0 0 0 0 0 7 0 0 0 0 27 0 0 0 0 59 0 0 0 78 0 0 0 0 0 58 0 0 65 0 0 0 0 0 0 0 0 0 0 0 0 0 0 0 4 0 0 0 0 0 0 0 0 0 10 0 0 0 0 28 0 0 0 0 0 0 0 0 0 0 0 0 0 0 4 0 0 0 0 0 82 0 0 0 0 0 0 0 0 0 0 0 40 0 0 0 0 0 0 0 0 7 0 0 43 0 0 69 0 0 0 27 0 0 0 0 0 0 0 80 0 0 9 0 0 0 82 0 0 0 0 0 81 0 0 0 
0 0 0 0 0 0 0 0 0 0 0 0 0 0 0 0 0 0 84 0 0 46 93 50 0 0 0 0 43 0 0 73 0 0 0 0 0 12 0 0 0 0 0 50 0 0 0 0 0 0 0 0 0 0 0 0 0 0 0 0 0 0 0 0 56 29 0 0 0 0 0 0 0 0 0 0 3 0 0 0 0 0 0 0 0 0 0 0 0 98 0 0 0 9 0 0 72 0 0 40 0 47 0 84 0 0 0 0 0 3 0 0 24 21 0 0 0 0 0 0 46 0 0 0 0 0 60 0 4 0 0 0 55 0 0 0 0 0 98 0 0 0 72 0 0 0 0 12 0 40 
0 0 0 0 35 0 0 35 0 0 0 0 24 0 0 0 0 0 0 0 0 0 0 0 40 0 0 0 0 78 0 0 0 0 0 0 0 0 0 0 0 0 0 97 0 90 77 0 0 0 32 0 0 0 89 0 93 26 0 0 2 0 31 0 0 0 0 0 0 0 0 0 0 56 0 0 0 0 0 9 0 0 0 0 0 0 22 0 0 0 0 0 0 0 0 0 86 0 0 0 0 0 0 0 0 0 0 0 44 0 0 0 30 0 0 0 0 0 27 0 17 0 0 0 0 0 0 0 0 0 16 0 0 0 0 0 24 0 0 0 0 0 0 0 0 0 0 0 0 0 
24 0 0 36 0 0 0 0 0 0 0 31 0 0 0 0 0 0 0 0 0 0 0 60 0 0 0 0 40 49 0 99 0 0 0 0 46 0 0 0 0 0 0 0 0 0 0 0 0 0 0 0 0 0 0 97 99 0 71 0 0 0 0 0 0 0 0 0 0 0 53 0 0 25 29 0 0 0 72 0 41 0 0 0 0 33 28 6 0 0 0 0 0 67 0 0 0 0 0 53 0 0 0 0 0 0 0 0 0 11 0 0 10 79 0 0 0 0 0 0 0 0 27 0 0 0 0 0 0 0 0 0 0 0 0 0 48 0 0 0 30 0 0 0 0 0 0 0 0 0 
0 0 0 0 56 0 0 28 0 0 0 0 0 0 0 0 0 0 4 0 0 0 0 0 0 0 0 0 0 0 0 0 0 46 0 0 0 0 0 0 0 0 0 0 0 0 0 0 0 0 0 92 0 0 0 0 66 0 0 52 0 0 0 51 0 0 0 0 0 0 0 0 0 0 15 0 0 0 0 0 0 0 0 0 0 0 0 0 0 0 0 0 0 0 58 0 0 0 0 79 100 0 0 0 0 0 0 0 0 0 0 0 0 0 0 0 0 0 0 0 0 0 0 60 0 0 0 0 76 0 0 0 0 0 73 0 0 0 0 0 82 0 0 0 0 0 0 0 0 11 
0 0 0 0 0 0 0 0 39 0 0 0 0 0 0 88 19 0 0 21 0 0 0 0 0 0 0 97 0 0 0 0 0 0 0 0 41 0 0 0 0 0 3 49 0 0 0 61 0 0 0 0 0 0 0 0 0 0 0 0 11 0 68 0 0 0 56 0 0 0 0 0 0 0 0 0 68 0 0 42 0 0 0 0 0 78 0 0 57 0 0 0 0 0 0 0 76 0 0 0 0 74 0 0 0 0 0 95 0 0 0 0 0 29 24 0 0 0 31 0 0 0 0 0 0 0 0 0 0 54 85 0 0 0 0 0 0 0 0 0 0 0 0 0 41 0 4 0 0 0 
21 0 0 0 0 0 0 0 0 0 0 0 0 0 0 42 0 0 0 0 0 59 0 0 97 10 0 0 0 0 0 0 0 0 0 0 0 0 0 0 0 12 0 0 0 23 0 41 0 0 3 0 42 0 0 0 0 0 0 0 0 0 0 25 0 66 0 0 0 0 0 0 0 0 0 0 0 0 0 0 0 0 0 0 5 46 0 0 0 0 0 0 28 0 18 54 0 0 0 0 0 0 0 0 0 0 0 0 55 0 0 0 0 0 0 0 0 0 0 0 0 0 0 4 0 0 76 0 0 18 0 0 77 0 0 0 0 82 0 33 0 0 0 0 0 0 0 0 0 0 
0 0 2 45 0 0 0 0 0 0 0 0 0 0 0 0 0 0 51 0 23 0 0 0 0 0 0 0 0 0 0 0 0 0 0 0 0 0 30 0 0 46 0 0 0 0 0 0 0 14 0 0 0 58 0 0 0 0 0 0 0 0 0 0 0 0 0 0 0 0 0 0 0 0 0 0 75 0 0 0 0 0 0 0 37 0 0 0 0 0 0 0 0 98 0 52 0 0 0 0 0 0 0 0 0 0 0 0 87 0 0 0 0 0 0 0 90 0 0 2 84 0 0 0 0 0 0 54 18 0 0 0 0 0 0 47 0 0 0 0 0 58 0 0 0 76 0 47 0 17 
0 0 0 0 86 0 92 0 0 0 0 0 0 0 0 0 0 0 0 0 24 0 0 0 0 0 0 0 0 0 27 0 0 0 0 0 0 52 15 0 0 0 0 0 0 0 0 0 0 0 17 0 75 58 0 0 0 38 0 0 0 0 0 0 43 46 0 0 0 0 0 0 0 0 38 0 85 0 0 70 0 0 0 0 0 0 0 0 0 0 0 0 0 0 0 0 0 0 0 0 0 0 0 0 0 0 0 0 0 0 0 91 0 0 0 0 0 0 0 0 0 0 0 0 16 0 0 85 0 0 0 0 0 56 0 0 0 0 0 0 0 0 0 0 0 0 0 0 0 0 
0 0 0 0 0 0 0 0 0 0 0 0 0 43 0 0 0 6 0 0 0 12 0 0 0 0 0 0 0 0 0 0 0 0 0 0 0 0 63 0 21 0 0 0 0 0 0 0 0 0 27 0 0 0 0 0 0 0 12 6 0 0 0 0 47 0 0 93 0 0 0 86 93 0 93 55 99 0 0 36 0 0 0 81 0 0 0 0 0 0 0 0 57 0 0 0 90 0 0 0 60 0 14 0 0 0 0 73 0 0 0 13 0 0 0 0 0 0 9 0 0 0 0 0 0 0 0 0 0 0 0 0 26 0 0 0 0 0 0 0 0 0 0 0 0 0 0 54 3 0 
94 0 0 70 0 72 76 0 0 0 0 0 0 0 35 8 0 0 0 0 0 0 49 0 0 0 0 0 0 0 0 61 0 38 36 91 0 85 0 0 0 0 0 0 43 0 0 64 0 30 0 0 0 0 0 0 0 0 0 30 0 0 0 0 0 5 34 0 0 10 0 91 0 0 0 0 0 0 0 0 0 0 0 91 0 0 0 0 0 84 0 0 0 0 98 0 0 0 0 0 0 0 0 25 0 0 0 0 0 0 0 0 0 0 0 0 0 29 0 0 0 0 0 55 0 0 0 0 77 0 0 26 0 96 10 0 0 45 44 0 0 0 0 0 0 0 0 0 0 0 
0 100 0 0 0 0 0 0 0 0 98 0 0 0 0 0 0 0 0 0 0 21 0 0 0 0 0 75 9 0 0 0 0 0 0 0 0 0 0 0 0 0 0 0 0 24 0 0 15 0 0 0 0 0 0 0 0 0 0 0 30 0 0 42 0 0 0 0 0 0 0 0 0 0 0 19 3 0 40 0 0 0 0 0 0 0 0 40 0 87 0 0 0 0 0 0 0 0 11 0 0 0 0 0 0 0 0 0 0 0 79 0 0 8 0 0 0 79 0 0 0 0 80 0 0 0 0 0 0 0 56 0 96 0 0 0 0 0 43 0 69 0 0 0 0 0 0 0 0 0 
98 0 0 0 89 0 0 0 0 0 0 0 0 0 0 0 0 0 0 0 0 0 0 0 97 0 0 0 0 0 0 0 0 0 0 0 0 0 0 0 0 18 0 0 0 0 0 48 0 0 0 0 0 0 0 0 40 0 89 0 0 0 0 0 0 0 0 93 0 16 0 0 98 0 0 0 0 0 0 0 0 0 0 0 60 0 42 0 6 37 0 0 0 0 67 0 0 0 0 0 0 0 0 1 0 0 0 0 0 0 0 66 0 13 18 0 44 0 0 0 0 0 0 0 0 0 73 0 0 0 0 0 10 0 0 0 35 0 59 0 0 0 74 0 0 0 0 0 0 0 
0 0 0 0 0 0 0 0 0 0 0 95 0 0 0 0 65 0 0 0 0 0 0 0 86 63 0 0 0 0 0 0 0 0 87 0 0 0 0 0 0 0 0 0 0 47 85 0 0 0 40 0 0 95 0 0 0 0 0 0 0 0 0 0 0 0 0 0 0 0 0 92 49 50 0 0 0 0 0 0 0 0 0 0 0 75 0 0 70 49 0 0 0 0 0 0 0 0 52 0 0 32 0 0 0 0 0 0 0 0 33 0 0 0 0 60 17 0 0 0 0 0 0 0 0 0 0 0 0 47 0 0 0 0 0 0 0 86 0 62 0 0 0 0 45 0 0 0 0 0 
20 0 0 0 66 0 0 0 0 0 0 0 0 0 92 0 0 0 0 0 0 0 0 0 0 49 0 0 0 0 0 0 0 0 0 0 14 0 0 0 26 0 0 0 0 0 0 0 86 0 0 0 0 8 0 0 0 0 83 0 0 0 0 67 0 0 0 59 0 0 0 0 0 0 0 0 0 0 0 0 0 0 0 0 0 0 0 0 0 0 0 0 0 0 0 0 0 0 34 0 0 0 0 28 0 3 0 0 0 0 15 0 0 0 0 0 0 0 0 0 0 0 9 0 24 48 0 0 0 0 0 0 0 0 35 0 0 0 0 0 0 75 0 0 0 0 0 0 0 0 
0 30 0 0 0 0 0 1 0 0 0 0 0 0 0 0 0 0 0 0 0 0 0 0 0 0 0 0 100 0 0 0 0 0 0 0 0 0 78 0 0 0 21 0 0 0 0 0 0 0 52 0 71 0 0 0 0 0 0 0 0 0 32 0 0 0 0 0 0 0 81 78 62 0 87 0 70 0 0 52 0 0 0 0 0 0 0 97 0 0 0 0 0 0 0 0 15 0 0 0 8 0 0 0 27 0 0 0 0 0 0 0 0 0 0 0 0 98 65 0 0 0 0 0 0 0 0 0 82 0 0 0 45 0 0 86 0 0 43 0 75 0 0 0 0 73 0 0 0 0 
0 0 0 0 0 0 62 79 0 0 0 0 0 0 0 0 0 0 0 0 0 0 0 0 0 0 0 0 0 0 0 0 0 0 0 0 44 3 10 0 0 0 0 0 0 0 0 66 0 0 0 0 88 1 13 0 0 0 0 0 0 0 0 0 0 17 0 0 0 0 0 0 0 40 0 13 0 0 0 0 0 31 47 0 0 61 0 0 0 0 0 0 0 39 0 0 20 60 0 0 0 0 0 0 0 0 97 0 0 0 0 0 0 0 0 0 0 0 0 97 0 0 0 98 0 0 0 0 0 0 0 0 44 43 59 0 0 43 0 0 0 0 0 0 0 0 0 0 0 0 
0 0 0 0 43 0 0 0 0 7 0 0 0 0 0 0 0 0 0 0 0 0 0 0 0 0 0 0 0 0 0 0 0 0 0 0 0 0 0 0 0 0 0 0 0 0 0 78 0 0 0 18 0 0 0 0 0 0 0 31 0 0 45 0 4 0 0 0 66 40 0 0 43 0 0 0 0 3 0 0 0 0 0 0 0 0 0 0 0 0 0 0 0 0 0 0 0 0 61 0 0 0 0 0 0 0 0 0 0 0 0 0 0 3 0 0 0 0 23 0 0 0 0 0 0 0 0 0 33 0 0 0 0 0 0 62 0 0 0 0 0 0 0 0 0 0 0 0 0 100 
0 0 0 0 10 0 0 0 0 0 0 0 0 21 0 48 0 55 71 0 0 0 0 80 0 35 0 0 0 0 0 0 0 0 0 64 0 0 0 0 0 67 12 55 0 0 0 0 0 0 0 0 0 0 0 0 0 0 0 0 96 0 0 18 0 0 0 0 0 0 0 0 0 0 0 0 0 0 0 32 0 0 0 0 0 0 0 0 80 0 0 76 0 0 0 0 0 0 81 0 0 0 0 0 0 0 0 0 0 0 0 0 0 0 0 0 0 0 0 0 0 0 82 0 0 30 82 0 0 0 0 0 0 69 0 0 0 75 0 0 0 0 0 0 38 0 0 0 0 0 
0 0 96 0 0 49 0 0 0 0 48 0 0 0 0 0 0 0 0 49 0 28 8 0 24 89 0 0 0 0 0 0 0 0 0 0 0 0 78 0 0 0 21 0 0 0 0 0 0 0 14 0 44 0 0 0 0 98 0 0 0 34 0 44 0 0 0 0 45 0 0 0 0 70 0 0 0 0 0 0 0 71 0 0 0 0 98 0 0 0 0 0 0 0 0 14 0 0 0 0 0 36 0 0 0 0 10 0 0 0 0 31 0 0 0 0 0 0 0 0 0 0 0 0 0 0 0 0 0 58 0 0 0 0 0 0 75 0 0 0 0 0 0 0 0 0 97 0 72 0 
0 0 0 0 0 0 22 0 0 0 0 0 0 0 0 0 29 0 0 0 0 0 0 0 0 0 0 84 0 0 0 0 0 85 0 0 59 0 0 0 1 0 0 0 0 35 0 0 0 0 0 0 0 0 0 75 0 0 0 0 6 0 0 0 66 0 0 85 0 0 0 0 0 0 0 0 0 0 0 0 42 0 0 0 23 0 0 0 0 0 46 0 64 16 0 0 0 0 0 0 0 53 0 45 0 0 0 0 0 0 0 0 0 0 82 0 0 0 0 0 0 0 0 72 0 0 0 0 0 0 0 0 0 0 74 0 0 0 0 0 0 0 0 0 0 36 0 0 0 0 
60 0 0 0 52 0 0 93 0 0 0 0 0 0 0 0 0 0 0 0 0 0 0 0 0 0 0 0 0 32 0 0 0 57 0 0 0 0 0 0 0 0 0 0 0 0 0 0 1 24 0 0 0 0 0 0 0 0 0 0 0 0 29 100 0 0 0 66 41 89 0 0 0 0 0 0 0 0 0 0 0 0 0 0 0 0 78 0 0 0 99 0 73 0 0 0 0 0 0 0 0 0 0 0 0 0 0 0 0 0 0 0 0 0 15 27 0 0 0 0 0 89 0 0 0 0 0 0 0 0 0 0 0 0 0 0 0 0 0 0 0 0 0 0 0 0 70 0 0 100 
0 37 0 0 0 0 0 56 0 54 0 74 0 0 0 0 0 0 0 0 34 0 0 0 0 0 0 0 0 11 0 55 0 0 0 0 0 0 0 0 12 0 0 0 0 0 25 0 0 0 0 0 88 0 0 0 0 0 0 0 0 0 0 51 0 0 16 0 0 0 0 31 0 0 0 0 5 0 0 0 91 0 0 0 0 0 0 0 0 5 0 0 0 0 0 81 0 0 0 86 0 0 0 0 0 87 39 0 0 0 15 42 0 0 13 0 78 0 67 0 0 0 0 0 0 0 0 41 0 0 0 0 0 0 0 45 0 0 0 0 38 0 0 0 0 0 0 0 0 0 
0 0 0 0 0 0 68 0 0 0 0 0 0 0 75 0 6 90 0 0 96 0 0 0 24 0 0 0 0 0 0 92 35 0 0 0 83 0 0 0 0 0 0 0 0 0 0 0 0 0 4 0 0 0 0 0 0 0 0 0 0 0 0 63 0 0 53 0 0 65 0 40 0 0 0 0 0 0 52 7 0 0 0 0 0 0 0 23 0 0 33 0 81 81 38 81 0 0 0 0 0 0 10 0 0 0 0 0 0 0 23 0 0 0 0 0 0 85 0 0 0 0 0 0 0 0 0 0 0 76 0 0 0 0 0 0 0 73 0 0 0 0 36 0 0 0 0 0 0 0 
0 0 0 0 0 22 0 0 0 0 0 0 0 0 0 25 0 0 0 0 0 0 67 80 4 0 0 0 0 0 41 0 0 13 0 0 0 0 0 0 0 0 0 0 0 0 0 0 0 0 0 60 0 0 0 0 0 0 0 0 0 68 11 0 0 0 0 0 0 0 0 0 43 0 15 0 0 0 0 0 0 0 0 0 0 0 0 0 39 0 82 0 0 0 0 0 0 0 0 0 0 0 0 0 0 0 71 53 0 0 0 0 75 0 0 0 0 0 0 0 0 0 81 0 0 0 0 4 0 0 0 0 0 0 0 0 0 0 0 0 0 97 0 70 0 0 0 90 0 0 
69 0 0 0 0 0 0 0 0 0 0 0 0 1 0 0 0 0 0 0 36 81 0 0 0 0 0 0 30 0 0 0 0 0 0 0 0 0 0 0 0 98 0 0 0 0 85 0 0 0 0 0 0 7 0 0 57 0 0 0 0 0 0 7 28 0 0 0 0 0 0 58 0 0 0 96 0 0 0 15 0 0 0 0 0 0 0 0 0 58 0 13 0 0 0 0 0 0 0 0 0 0 0 0 0 0 0 0 0 0 0 0 0 0 76 0 100 32 0 0 35 59 0 12 0 0 0 0 0 47 0 54 0 0 0 0 0 0 0 0 0 0 0 0 0 0 90 0 33 22 
36 38 0 0 0 0 0 45 0 0 0 45 0 0 0 0 0 0 0 0 0 0 0 0 0 0 0 0 0 0 0 0 0 0 0 21 72 0 0 0 0 0 0 0 0 32 0 0 70 0 13 0 0 0 0 0 0 0 0 24 0 0 0 0 0 0 25 0 0 0 0 0 0 0 0 0 0 0 0 0 0 0 0 17 6 0 20 0 0 0 0 0 0 0 0 0 0 0 0 0 3 0 0 0 0 0 0 0 0 0 0 21 86 0 0 0 0 5 0 38 0 0 0 0 0 0 0 0 0 0 0 3 0 0 0 0 0 0 0 0 0 72 0 0 0 0 0 33 0 0 
0 0 74 0 0 0 0 0 50 0 0 0 0 0 0 0 0 0 0 0 0 0 84 0 64 0 0 0 0 0 0 0 95 36 0 0 0 0 0 0 0 0 0 0 2 0 0 0 0 0 0 0 0 0 0 0 0 0 0 0 91 78 0 0 0 0 0 0 0 0 96 0 84 0 27 0 0 0 0 0 0 0 32 0 0 0 0 91 0 0 0 0 0 0 39 0 0 0 0 0 0 0 80 0 0 32 0 0 0 0 0 0 0 0 0 0 0 0 0 45 0 0 0 40 0 0 11 0 0 17 0 0 0 0 0 0 0 0 0 100 0 0 0 100 0 0 0 22 0 0 
