120
0 0 0 0 0 0 0 0 0 0 0 0 42 0 35 0 0 0 0 0 0 0 0 0 0 0 0 0 0 0 0 0 0 0 0 0 0 0 0 0 0 0 0 0 33 0 0 0 0 0 19 94 3 0 85 0 0 0 0 0 0 34 0 0 0 0 0 0 40 0 0 0 13 0 0 0 0 67 0 0 0 24 0 0 0 0 0 0 97 0 0 0 0 0 0 0 47 0 0 0 0 0 0 0 0 0 0 0 0 0 0 0 0 0 0 0 0 0 0 0 
0 0 7 0 0 82 17 0 0 0 0 0 0 0 0 0 0 40 85 38 0 0 0 0 0 0 0 0 0 0 53 0 0 0 0 0 66 0 0 0 80 0 46 0 0 0 0 0 0 0 0 0 0 0 0 0 0 0 0 0 0 0 0 0 0 0 0 59 0 0 0 0 0 0 97 0 18 0 88 0 0 0 20 0 0 0 0 0 0 0 0 0 0 0 0 0 0 0 0 0 0 0 0 0 0 83 0 63 0 0 0 0 0 0 0 60 0 0 0 0 
0 7 0 0 18 0 90 0 0 0 0 0 0 0 0 0 0 0 0 0 0 0 0 0 70 0 0 0 0 0 0 0 0 0 0 0 0 0 0 0 78 0 0 0 0 0 0 0 0 0 0 0 0 0 0 0 0 0 5 0 0 76 0 0 53 0 0 0 18 0 0 68 0 56 0 0 0 0 0 0 0 0 18 0 0 0 0 0 0 0 0 0 0 0 0 0 32 0 0 0 0 4 25 0 0 0 0 0 0 0 0 73 0 0 94 0 8 0 0 0 
0 0 0 0 0 12 0 0 0 0 0 0 0 0 0 47 0 0 0 0 0 0 0 0 19 0 0 0 0 0 0 0 0 0 0 0 0 7 0 0 0 0 0 0 0 0 0 0 0 68 0 0 0 0 0 0 0 0 0 0 0 0 0 0 0 0 0 40 0 0 0 57 0 0 0 0 0 0 0 0 0 0 53 0 0 0 83 0 0 0 13 0 0 0 0 0 0 0 0 47 73 0 0 0 0 0 0 0 0 0 0 0 0 0 0 0 55 0 0 0 
0 0 18 0 0 0 0 0 0 0 0 0 0 0 0 99 0 0 0 0 0 0 0 0 0 0 0 0 0 0 0 0 0 0 0 0 0 0 0 0 0 93 0 0 0 0 0 5 0 0 3 22 0 0 0 0 0 0 0 0 25 0 85 0 0 9 0 0 0 0 0 0 0 0 0 0 0 0 0 0 0 0 0 0 0 0 0 0 70 0 0 0 85 0 0 0 0 0 0 0 0 0 0 0 0 0 0 0 0 0 0 0 0 0 0 0 0 0 0 0 
0 82 0 12 0 0 70 0 0 0 0 0 0 0 0 0 0 0 0 47 0 0 0 0 0 0 0 0 48 0 0 0 27 0 0 16 0 38 0 0 0 0 0 0 0 0 0 0 0 98 0 0 0 0 0 14 0 0 0 0 0 41 0 0 0 0 85 0 46 0 0 0 0 0 0 0 0 0 0 0 0 17 0 0 0 0 0 0 17 0 32 0 58 0 0 0 0 0 0 0 0 0 0 0 0 0 0 0 0 0 0 0 0 0 0 0 66 80 0 0 
0 17 90 0 0 70 0 0 0 0 0 0 0 0 0 0 36 0 0 0 0 0 0 0 0 0 0 96 0 0 0 0 0 0 0 0 0 0 14 0 0 0 0 0 0 0 0 53 0 0 0 0 0 0 0 0 0 0 0 0 0 0 0 0 0 0 0 4 0 0 0 47 0 0 0 0 0 78 0 0 0 99 0 0 0 0 0 0 48 0 85 0 0 0 0 0 0 0 0 0 84 13 0 0 0 0 65 0 0 0 100 0 0 77 0 0 0 0 0 0 
0 0 0 0 0 0 0 0 0 0 0 59 0 0 0 0 0 7 0 0 0 0 0 0 0 0 33 0 0 0 0 0 0 0 0 0 0 0 0 0 0 0 0 0 0 0 0 0 0 0 0 0 0 0 0 0 0 0 0 0 0 0 0 0 0 0 36 0 0 0 0 0 0 0 0 0 0 0 0 0 0 0 0 0 0 0 0 0 0 0 82 0 24 0 0 0 0 0 9 0 0 0 0 0 0 0 0 0 0 0 0 67 0 0 22 0 0 0 0 0 
0 0 0 0 0 0 0 0 0 0 0 89 0 0 0 19 0 10 0 0 74 0 59 0 0 0 0 0 0 5 42 0 0 0 0 0 0 0 0 0 0 0 0 0 0 0 0 0 6 0 0 0 9 32 0 0 0 0 0 0 0 0 0 0 0 0 0 56 0 0 0 0 0 0 0 0 0 0 0 0 0 0 0 41 0 0 85 0 0 82 0 0 0 0 0 0 0 92 0 65 0 0 0 0 0 0 96 70 0 0 0 0 0 0 0 24 0 0 0 0 
0 0 0 0 0 0 0 0 0 0 0 0 31 0 0 0 0 0 5 24 0 0 0 0 0 0 36 0 0 0 0 0 0 0 0 0 0 0 0 0 0 0 0 66 0 0 0 0 0 0 0 33 0 0 30 48 0 0 0 0 0 26 0 0 0 0 0 0 0 0 0 0 0 0 72 98 0 0 0 0 0 77 0 0 0 0 0 0 0 0 0 0 0 0 0 0 0 0 0 0 0 0 0 35 0 0 0 0 0 0 0 0 0 0 0 0 0 29 0 0 
0 0 0 0 0 0 0 0 0 0 0 0 0 0 0 0 0 0 0 0 0 18 0 0 78 0 0 0 53 0 0 0 0 23 55 0 0 0 0 98 0 0 0 0 0 0 0 38 0 0 0 0 0 0 0 0 0 0 0 0 91 0 0 0 0 0 0 0 0 86 0 0 83 0 0 0 0 0 0 0 0 0 0 0 0 0 0 65 0 0 0 0 0 0 0 0 0 0 0 10 0 80 0 0 18 0 0 0 0 0 0 0 0 0 0 0 0 0 0 0 
0 0 0 0 0 0 0 59 89 0 0 0 0 0 0 0 0 0 0 0 0 34 0 0 12 0 0 0 0 0 0 0 0 0 0 0 0 0 0 0 0 78 0 0 0 0 0 0 0 0 0 0 0 0 0 0 0 0 0 92 0 0 0 0 0 0 0 0 0 0 0 0 0 30 85 0 0 0 0 0 0 0 0 0 0 0 0 0 0 0 0 0 0 0 0 0 0 0 0 0 0 0 0 0 0 0 0 0 0 0 0 0 0 0 0 0 41 0 0 0 
42 0 0 0 0 0 0 0 0 31 0 0 0 0 0 0 0 0 0 0 81 99 0 0 0 0 0 0 0 0 0 0 0 0 0 0 0 0 64 0 0 81 78 0 0 0 0 0 0 23 0 0 0 35 0 97 0 0 0 0 0 0 0 0 0 0 23 0 0 0 47 0 29 0 0 0 55 0 0 0 0 0 0 0 0 0 0 0 0 0 0 0 0 0 0 0 0 0 37 0 71 0 0 0 0 0 0 0 0 0 0 0 0 0 0 0 0 100 0 0 
0 0 0 0 0 0 0 0 0 0 0 0 0 0 0 0 0 0 16 0 0 0 44 0 0 0 0 0 0 0 0 0 0 0 0 0 0 0 0 0 0 0 0 0 91 0 0 0 0 0 90 0 0 0 0 0 0 0 58 0 0 0 0 0 0 37 0 0 0 0 88 0 0 0 0 0 93 0 0 0 18 0 0 0 0 0 0 0 0 0 0 100 0 39 0 0 0 0 0 0 0 0 0 21 0 0 0 0 65 0 0 0 0 0 0 0 0 0 90 0 
35 0 0 0 0 0 0 0 0 0 0 0 0 0 0 0 0 0 0 0 0 0 0 0 0 78 0 0 41 0 0 0 0 0 0 0 64 0 0 0 20 0 0 0 0 0 0 0 0 0 0 0 0 0 0 0 0 0 0 62 57 0 0 99 0 0 14 0 0 0 26 0 0 0 0 0 0 0 0 0 0 0 0 0 0 0 0 0 0 0 0 0 0 48 0 0 0 0 0 0 0 0 0 0 0 0 0 0 0 0 36 0 69 0 58 0 0 0 0 0 
0 0 0 47 99 0 0 0 19 0 0 0 0 0 0 0 0 0 0 0 0 0 0 0 0 0 0 0 0 0 21 0 0 0 0 0 0 0 14 0 0 0 0 0 0 0 9 53 0 89 1 0 0 88 51 0 0 0 0 5 0 0 81 0 0 0 40 0 59 0 0 0 0 0 0 0 0 0 22 0 0 0 0 0 79 91 0 0 0 45 0 91 0 82 0 0 0 0 0 0 0 0 0 0 0 0 13 0 0 0 0 0 0 0 0 0 0 0 0 0 
0 0 0 0 0 0 36 0 0 0 0 0 0 0 0 0 0 0 0 0 0 0 0 0 0 0 0 0 0 54 0 0 0 0 0 0 0 0 0 0 0 100 46 45 0 0 0 92 0 0 0 0 0 0 0 0 0 0 0 0 0 0 0 0 0 0 0 0 0 0 13 0 0 0 0 0 10 0 0 0 0 0 0 0 0 0 0 0 0 0 0 0 0 0 0 0 0 0 0 0 0 0 0 37 0 96 0 0 31 0 0 0 0 75 0 0 0 0 0 0 
0 40 0 0 0 0 0 7 10 0 0 0 0 0 0 0 0 0 0 0 0 0 0 0 0 0 0 0 0 0 0 0 0 0 0 0 0 0 0 0 0 0 0 0 0 0 0 5 74 62 0 0 0 0 0 48 2 0 0 0 0 0 0 0 0 0 0 0 51 0 0 29 0 0 0 0 0 9 0 0 15 0 0 0 0 0 0 19 0 0 0 53 0 0 0 0 58 0 0 0 0 7 0 0 0 0 80 0 0 0 0 0 0 0 0 0 29 0 0 0 
0 85 0 0 0 0 0 0 0 5 0 0 0 16 0 0 0 0 0 0 0 51 59 0 0 0 0 11 36 0 0 0 0 0 0 0 0 0 0 0 0 0 0 0 0 0 0 0 0 0 0 0 0 64 0 0 0 0 0 83 0 0 60 0 0 0 20 0 0 0 0 0 0 0 0 0 5 0 22 0 48 0 0 0 0 0 0 0 0 0 0 0 0 0 0 0 0 0 0 0 0 0 85 0 0 0 0 0 0 0 0 0 0 0 0 0 0 0 0 0 
0 38 0 0 0 47 0 0 0 24 0 0 0 0 0 0 0 0 0 0 0 0 0 0 71 0 0 0 0 0 0 0 0 0 0 0 0 0 0 0 0 0 0 0 0 0 0 0 0 3 0 39 0 0 0 0 97 0 0 0 0 0 0 0 5 0 0 0 41 0 0 0 86 0 0 0 0 0 0 0 0 0 0 0 0 0 66 84 27 45 0 0 0 0 0 0 0 0 38 0 0 0 0 0 0 0 0 0 0 0 0 0 0 0 0 0 48 0 0 0 
0 0 0 0 0 0 0 0 74 0 0 0 81 0 0 0 0 0 0 0 0 0 0 0 0 0 0 0 0 0 0 0 0 0 0 0 53 0 0 0 0 0 0 0 0 0 47 0 0 0 0 89 0 0 0 0 1 0 29 0 0 9 0 0 0 0 0 0 0 0 0 0 0 0 0 0 0 0 0 0 0 0 2 0 0 0 0 0 0 78 0 0 0 0 0 0 0 85 0 0 0 0 0 0 0 0 0 0 32 0 0 0 78 0 0 0 0 0 0 96 
0 0 0 0 0 0 0 0 0 0 18 34 99 0 0 0 0 0 51 0 0 0 0 0 0 0 65 7 0 0 40 0 0 0 0 0 0 0 0 0 0 0 0 0 0 0 13 0 0 0 0 0 0 0 0 35 68 0 0 0 53 0 0 0 0 0 0 0 0 0 0 0 0 56 0 0 0 16 0 0 0 0 0 0 0 0 55 0 0 43 0 0 0 0 0 0 0 0 0 0 0 5 0 0 0 0 0 0 0 0 0 0 0 0 0 0 0 0 0 0 
0 0 0 0 0 0 0 0 59 0 0 0 0 44 0 0 0 0 59 0 0 0 0 0 0 0 0 0 0 0 0 0 0 0 0 0 0 0 47 0 0 0 0 0 0 0 0 0 0 2 42 0 0 0 0 0 0 0 0 0 0 0 0 0 8 0 0 51 0 17 0 35 0 0 0 7 0 0 0 0 0 0 0 0 0 0 0 0 0 19 0 0 15 0 0 0 0 0 0 0 0 0 0 0 0 0 91 0 81 0 0 25 0 0 0 0 0 81 0 0 
0 0 0 0 0 0 0 0 0 0 0 0 0 0 0 0 0 0 0 0 0 0 0 0 0 14 0 0 0 0 0 0 1 0 0 0 0 0 62 0 0 0 0 0 0 0 0 47 0 0 0 0 0 0 17 0 70 0 0 0 0 0 88 65 0 0 0 16 3 0 0 0 0 0 92 0 0 0 0 0 0 0 0 0 0 0 0 0 0 0 0 0 0 0 0 0 0 0 0 0 0 0 0 0 0 0 0 0 0 0 0 0 0 0 0 0 0 0 0 0 
0 0 70 19 0 0 0 0 0 0 78 12 0 0 0 0 0 0 0 71 0 0 0 0 0 0 38 0 0 10 0 0 0 0 0 0 0 0 0 0 89 0 0 0 0 90 0 0 0 90 0 0 0 0 0 0 0 84 0 0 12 0 45 0 0 0 0 0 0 9 0 0 0 0 0 0 0 99 0 0 0 0 0 0 0 0 0 0 0 0 0 0 0 0 0 0 0 0 0 0 0 0 0 0 0 0 0 0 0 0 0 0 0 0 0 0 98 0 0 0 
0 0 0 0 0 0 0 0 0 0 0 0 0 0 78 0 0 0 0 0 0 0 0 14 0 0 0 76 37 0 0 0 0 0 0 0 0 0 0 0 0 0 0 0 0 0 0 0 0 0 0 48 0 0 0 0 0 66 0 0 0 0 0 0 0 0 0 0 0 0 0 0 1 0 0 92 0 0 0 0 0 0 0 0 0 0 0 0 0 0 0 0 0 0 0 0 0 0 0 0 0 0 0 17 0 0 0 0 0 69 0 0 0 0 59 0 7 0 0 0 
0 0 0 0 0 0 0 33 0 36 0 0 0 0 0 0 0 0 0 0 0 65 0 0 38 0 0 0 0 0 0 69 0 0 0 82 24 0 0 0 0 0 54 0 0 0 0 65 0 64 0 0 0 0 15 0 0 0 0 0 80 0 0 0 0 0 22 0 0 0 0 0 0 0 0 0 0 0 12 0 0 0 0 0 44 0 0 0 0 0 0 0 0 0 18 0 0 0 0 0 0 0 0 86 57 0 0 0 56 0 0 0 66 0 0 0 0 0 0 14 
0 0 0 0 0 0 96 0 0 0 0 0 0 0 0 0 0 0 11 0 0 7 0 0 0 76 0 0 0 0 100 0 0 0 0 0 0 0 0 0 0 0 0 0 0 0 0 4 0 0 14 59 0 0 0 0 0 0 0 0 23 0 0 0 0 0 0 0 0 0 0 0 0 0 22 0 64 0 0 0 0 0 0 0 0 0 0 0 0 0 0 0 0 54 0 0 0 0 24 0 0 0 0 0 3 0 0 0 72 0 2 0 0 0 0 0 0 1 0 0 
0 0 0 0 0 48 0 0 0 0 53 0 0 0 41 0 0 0 36 0 0 0 0 0 0 37 0 0 0 0 53 34 0 0 31 0 0 0 0 0 0 0 80 0 0 0 0 0 0 0 0 0 0 0 0 0 0 0 0 0 0 0 0 0 0 0 0 0 0 0 0 0 0 0 0 92 0 0 87 0 0 0 0 0 78 0 0 0 0 0 0 0 0 0 0 0 0 0 0 0 0 0 0 0 0 9 0 0 0 0 0 0 59 0 0 0 0 0 0 0 
0 0 0 0 0 0 0 0 5 0 0 0 0 0 0 0 54 0 0 0 0 0 0 0 10 0 0 0 0 0 0 0 37 0 0 0 0 0 0 37 0 0 0 0 0 72 0 38 0 0 0 0 0 0 76 0 0 55 0 0 0 35 0 22 0 0 0 40 0 0 0 0 0 0 44 0 0 0 0 0 0 0 64 0 0 0 0 0 0 0 0 0 55 0 0 0 0 0 0 58 0 0 0 0 0 0 0 0 0 0 0 0 0 0 0 0 0 14 0 0 
0 53 0 0 0 0 0 0 42 0 0 0 0 0 0 21 0 0 0 0 0 40 0 0 0 0 0 100 53 0 0 0 2 0 0 0 15 0 0 0 0 74 0 0 0 33 0 76 17 17 0 0 0 63 0 0 0 0 0 0 0 0 0 0 0 0 0 0 0 0 0 0 0 0 0 0 0 0 0 0 0 0 0 50 0 0 0 0 0 0 0 0 0 0 0 0 0 0 0 24 0 0 0 65 0 0 0 0 0 0 0 66 0 0 0 0 0 0 0 0 
0 0 0 0 0 0 0 0 0 0 0 0 0 0 0 0 0 0 0 0 0 0 0 0 0 0 69 0 34 0 0 0 0 0 0 0 55 0 0 0 0 0 0 0 0 0 0 99 0 0 0 20 0 0 0 0 98 0 0 0 23 0 0 0 0 0 0 68 0 0 0 0 0 0 0 0 0 0 0 0 0 0 0 0 0 0 0 0 0 0 0 0 0 0 0 0 0 0 0 0 0 0 0 0 0 0 0 0 0 0 46 0 66 4 0 0 0 95 0 0 
0 0 0 0 0 27 0 0 0 0 0 0 0 0 0 0 0 0 0 0 0 0 0 1 0 0 0 0 0 37 2 0 0 0 0 0 0 0 0 1 0 0 0 24 0 0 0 60 0 0 0 51 0 0 0 0 0 0 0 0 0 86 0 0 0 0 0 19 0 0 0 0 0 0 0 0 0 21 0 0 0 0 0 0 0 0 0 0 0 0 0 0 0 0 48 0 0 0 20 0 0 0 0 0 27 0 0 0 0 0 0 0 0 0 0 0 83 0 0 0 
0 0 0 0 0 0 0 0 0 0 23 0 0 0 0 0 0 0 0 0 0 0 0 0 0 0 0 0 0 0 0 0 0 0 0 0 0 0 24 0 0 0 0 0 83 0 62 0 0 0 0 0 0 0 0 0 0 0 0 0 20 0 0 0 0 68 0 0 0 0 0 0 0 0 75 77 0 44 0 8 83 0 0 0 0 32 0 0 88 0 0 0 0 0 0 0 0 70 0 0 0 0 0 0 0 51 0 0 0 0 0 0 0 0 0 0 0 0 0 0 
0 0 0 0 0 0 0 0 0 0 55 0 0 0 0 0 0 0 0 0 0 0 0 0 0 0 0 0 31 0 0 0 0 0 0 0 0 0 0 0 0 0 0 0 0 0 0 0 0 0 0 0 0 0 2 0 0 0 99 0 0 0 22 0 8 0 0 0 0 0 0 0 0 0 0 0 54 0 0 0 61 0 0 0 0 0 0 0 0 0 0 0 0 0 0 0 0 20 0 0 0 0 0 0 56 0 0 0 0 0 0 0 93 0 95 0 0 0 0 0 
0 0 0 0 0 16 0 0 0 0 0 0 0 0 0 0 0 0 0 0 0 0 0 0 0 0 82 0 0 0 0 0 0 0 0 0 0 0 0 61 0 0 0 64 0 0 0 0 0 0 0 0 0 0 8 77 0 0 0 0 0 0 0 0 0 0 0 0 12 0 0 29 0 0 0 0 99 0 0 0 77 0 0 0 95 0 0 0 29 0 0 0 0 0 0 0 0 0 17 0 0 0 0 0 0 0 0 38 0 0 74 0 0 0 0 0 0 0 0 0 
0 66 0 0 0 0 0 0 0 0 0 0 0 0 64 0 0 0 0 0 53 0 0 0 0 0 24 0 0 0 15 55 0 0 0 0 0 0 0 0 0 0 0 0 0 0 0 63 0 0 0 0 0 0 0 0 0 0 33 0 0 0 0 74 78 0 0 0 65 0 0 0 71 0 0 0 0 0 0 42 0 0 52 0 0 0 0 0 0 0 0 5 97 0 0 0 0 29 0 0 0 0 0 0 0 0 0 0 0 0 0 0 19 0 0 0 0 0 0 0 
0 0 0 7 0 38 0 0 0 0 0 0 0 0 0 0 0 0 0 0 0 0 0 0 0 0 0 0 0 0 0 0 0 0 0 0 0 0 0 13 0 0 0 0 0 0 0 0 0 60 0 0 0 0 0 0 73 0 0 0 0 0 0 60 0 0 18 65 37 0 75 89 0 0 0 0 0 0 0 0 0 42 0 0 0 0 0 15 0 0 0 92 0 0 84 0 1 0 0 0 0 0 0 0 0 0 0 0 0 0 0 97 0 0 0 0 0 0 0 0 
0 0 0 0 0 0 14 0 0 0 0 0 64 0 0 14 0 0 0 0 0 0 47 62 0 0 0 0 0 0 0 0 0 24 0 0 0 0 0 0 0 0 85 0 0 0 0 0 0 0 0 0 0 67 0 0 84 0 0 0 0 0 0 0 0 0 0 0 0 0 0 74 0 0 0 0 0 0 0 0 0 0 0 88 0 69 0 0 0 0 38 0 0 0 0 0 0 0 0 0 0 0 0 0 0 0 0 0 0 0 0 0 0 0 4 0 0 0 0 0 
0 0 0 0 0 0 0 0 0 0 98 0 0 0 0 0 0 0 0 0 0 0 0 0 0 0 0 0 0 37 0 0 1 0 0 61 0 13 0 0 0 6 0 0 0 0 0 0 0 0 0 0 0 0 0 0 0 0 0 62 0 0 0 0 0 0 0 0 0 69 0 0 0 0 0 0 73 0 0 0 33 0 0 23 0 0 0 0 38 0 0 83 0 0 0 0 0 0 0 45 0 0 0 0 0 0 59 95 0 0 0 0 0 91 0 57 59 0 0 0 
0 80 78 0 0 0 0 0 0 0 0 0 0 0 20 0 0 0 0 0 0 0 0 0 89 0 0 0 0 0 0 0 0 0 0 0 0 0 0 0 0 0 0 0 0 0 0 0 0 0 0 0 0 0 20 0 0 0 42 0 0 0 0 0 0 0 0 0 0 0 0 0 0 31 0 93 0 0 0 0 0 0 0 35 0 0 0 0 0 0 0 0 73 0 0 0 0 0 0 0 0 0 0 0 0 0 72 0 0 0 0 0 0 0 0 0 21 0 47 0 
0 0 0 0 93 0 0 0 0 0 0 78 81 0 0 0 100 0 0 0 0 0 0 0 0 0 0 0 0 0 74 0 0 0 0 0 0 0 0 6 0 0 0 4 0 0 0 0 0 21 0 0 0 0 0 0 0 0 0 0 0 0 0 0 0 20 0 0 0 0 0 0 0 0 0 0 0 0 0 23 0 1 90 0 27 0 0 0 0 7 0 0 0 0 0 0 0 0 0 0 0 0 0 0 0 0 0 0 0 0 94 0 22 0 0 41 0 0 0 0 
0 46 0 0 0 0 0 0 0 0 0 0 78 0 0 0 46 0 0 0 0 0 0 0 0 0 54 0 80 0 0 0 0 0 0 0 0 0 85 0 0 0 0 0 0 0 0 0 0 0 0 0 0 0 0 0 0 0 6 0 0 0 0 0 0 0 0 85 42 0 0 0 0 0 0 0 0 0 0 0 0 0 0 0 0 0 0 5 0 0 0 0 0 0 0 0 0 0 0 0 0 0 0 0 0 0 0 0 0 25 0 0 0 0 0 0 0 0 0 0 
0 0 0 0 0 0 0 0 0 66 0 0 0 0 0 0 45 0 0 0 0 0 0 0 0 0 0 0 0 0 0 0 24 0 0 64 0 0 0 0 0 4 0 0 0 0 0 0 0 0 0 0 0 0 0 0 0 0 0 0 0 0 0 0 0 0 26 0 0 0 0 0 0 0 0 0 0 0 0 0 0 0 35 0 0 0 0 0 0 0 0 0 0 0 0 0 17 40 0 0 74 31 25 0 0 51 0 0 0 0 94 0 0 0 0 0 48 0 0 0 
33 0 0 0 0 0 0 0 0 0 0 0 0 91 0 0 0 0 0 0 0 0 0 0 0 0 0 0 0 0 0 0 0 83 0 0 0 0 0 0 0 0 0 0 0 0 0 0 0 0 20 0 0 0 0 0 0 0 0 0 0 0 93 0 45 0 0 8 0 0 0 0 0 0 0 0 0 0 0 0 0 0 0 0 0 0 0 54 0 0 0 75 0 0 0 0 0 0 0 0 0 0 55 0 92 0 0 0 0 0 0 0 0 0 0 0 0 0 0 0 
0 0 0 0 0 0 0 0 0 0 0 0 0 0 0 0 0 0 0 0 0 0 0 0 90 0 0 0 0 72 33 0 0 0 0 0 0 0 0 0 0 0 0 0 0 0 0 0 0 0 0 0 0 0 0 0 94 0 0 0 0 0 0 0 0 0 86 0 0 16 83 0 0 0 0 0 0 0 0 0 0 0 0 36 0 0 0 60 0 0 0 0 0 0 81 0 0 77 0 0 0 0 0 0 59 0 0 0 0 0 0 61 0 0 0 0 0 0 0 0 
0 0 0 0 0 0 0 0 0 0 0 0 0 0 0 9 0 0 0 0 47 13 0 0 0 0 0 0 0 0 0 0 0 62 0 0 0 0 0 0 0 0 0 0 0 0 0 0 0 0 0 0 0 0 96 0 90 0 0 0 0 0 0 0 0 0 0 0 0 0 0 65 0 0 0 0 0 0 0 0 0 0 0 29 0 0 33 0 13 0 0 29 0 0 0 0 0 0 0 0 0 0 0 0 0 0 0 0 0 16 0 0 89 0 0 0 0 0 60 0 
0 0 0 0 5 0 53 0 0 0 38 0 0 0 0 53 92 5 0 0 0 0 0 47 0 0 65 4 0 38 76 99 60 0 0 0 63 0 0 0 0 0 0 0 0 0 0 0 0 0 0 0 0 25 0 0 0 0 0 0 0 0 25 0 78 0 88 0 30 0 0 0 0 41 0 0 0 0 0 0 74 0 0 0 0 0 0 45 27 0 77 0 0 0 0 0 0 0 0 0 0 0 0 0 0 0 0 0 69 70 0 0 0 0 0 0 0 0 0 0 
0 0 0 0 0 0 0 0 6 0 0 0 0 0 0 0 0 74 0 0 0 0 0 0 0 0 0 0 0 0 17 0 0 0 0 0 0 0 0 0 0 0 0 0 0 0 0 0 0 0 0 0 70 0 50 0 72 0 76 29 29 0 0 0 0 0 0 0 0 0 0 0 0 0 0 0 0 0 0 79 0 0 90 0 0 60 0 0 0 0 88 0 0 0 0 0 35 0 0 0 0 0 0 0 0 0 0 0 0 73 20 0 0 0 0 61 0 0 0 0 
0 0 0 68 0 98 0 0 0 0 0 0 23 0 0 89 0 62 0 3 0 0 2 0 90 0 64 0 0 0 17 0 0 0 0 0 0 60 0 0 0 21 0 0 0 0 0 0 0 0 0 0 45 0 0 0 0 0 0 0 0 0 0 0 0 0 0 0 0 67 0 0 0 0 0 0 0 0 0 0 0 0 0 0 0 0 0 0 0 29 0 0 0 0 0 0 0 0 0 0 6 0 33 0 0 0 0 0 0 0 0 35 0 0 0 0 0 0 0 0 
19 0 0 0 3 0 0 0 0 0 0 0 0 90 0 1 0 0 0 0 0 0 42 0 0 0 0 14 0 0 0 0 0 0 0 0 0 0 0 0 0 0 0 0 20 0 0 0 0 0 0 0 0 0 42 0 0 0 0 60 63 0 0 83 0 0 0 0 0 0 77 72 0 0 0 0 0 0 0 0 0 0 0 0 0 0 0 0 0 0 0 0 0 0 0 0 58 0 0 0 0 0 0 0 0 0 0 0 0 0 54 1 0 0 0 0 0 73 0 0 
94 0 0 0 22 0 0 0 0 33 0 0 0 0 0 0 0 0 0 39 89 0 0 0 0 48 0 59 0 0 0 20 51 0 0 0 0 0 0 0 0 0 0 0 0 0 0 0 0 0 0 0 0 26 0 0 42 0 0 0 0 0 0 0 0 0 0 0 0 0 0 18 0 0 0 0 6 0 0 8 0 0 0 0 0 0 0 0 0 0 0 37 0 36 0 0 51 0 0 0 0 0 0 0 0 0 0 0 0 0 0 0 0 0 0 22 0 0 0 0 
3 0 0 0 0 0 0 0 9 0 0 0 0 0 0 0 0 0 0 0 0 0 0 0 0 0 0 0 0 0 0 0 0 0 0 0 0 0 0 0 0 0 0 0 0 0 0 0 70 45 0 0 0 0 0 0 0 0 0 0 0 0 0 0 0 0 0 0 0 0 0 0 0 0 0 0 0 0 0 0 0 0 0 95 0 0 0 0 0 0 0 0 0 0 0 79 0 27 0 0 0 0 0 0 0 0 0 98 0 0 0 0 0 0 0 0 90 34 0 0 
0 0 0 0 0 0 0 0 32 0 0 0 35 0 0 88 0 0 64 0 0 0 0 0 0 0 0 0 0 0 63 0 0 0 0 0 0 0 67 0 0 0 0 0 0 0 0 25 0 0 0 26 0 0 0 0 0 0 0 0 0 0 0 0 0 0 0 0 0 43 0 0 0 93 0 0 0 0 0 0 0 0 0 0 56 0 0 0 0 0 0 0 0 0 0 0 0 0 0 0 0 0 0 0 89 0 0 0 0 0 90 0 0 0 0 0 0 0 0 0 
85 0 0 0 0 0 0 0 0 30 0 0 0 0 0 51 0 0 0 0 0 0 0 17 0 0 15 0 0 76 0 0 0 0 2 8 0 0 0 0 20 0 0 0 0 0 96 0 50 0 42 0 0 0 0 0 0 0 0 0 0 0 0 25 0 0 0 0 0 0 0 0 0 0 0 0 0 0 74 0 0 0 22 28 0 0 0 0 0 0 0 0 0 0 0 0 11 0 0 72 0 0 0 0 0 0 94 0 0 73 0 0 0 0 0 27 0 0 38 0 
0 0 0 0 0 14 0 0 0 48 0 0 97 0 0 0 0 48 0 0 0 35 0 0 0 0 0 0 0 0 0 0 0 0 0 77 0 0 0 0 0 0 0 0 0 0 0 0 0 0 0 0 0 0 0 0 0 0 0 0 0 0 0 0 30 0 0 0 0 0 0 0 0 92 0 0 0 0 0 0 0 0 0 0 0 50 26 0 0 0 0 92 0 0 0 0 0 0 0 0 0 0 0 6 0 0 0 0 0 47 0 0 0 0 0 0 0 0 0 0 
0 0 0 0 0 0 0 0 0 0 0 0 0 0 0 0 0 2 0 97 1 68 0 70 0 0 0 0 0 0 0 98 0 0 0 0 0 73 84 0 0 0 0 0 0 94 90 0 72 0 0 42 0 0 0 0 0 0 0 0 0 0 0 0 0 97 0 0 0 0 0 0 85 0 0 0 0 80 0 0 0 0 0 0 0 0 0 0 0 33 81 0 0 0 0 0 43 0 0 0 0 0 0 0 7 0 0 17 0 0 0 45 0 0 0 98 0 0 0 0 
0 0 0 0 0 0 0 0 0 0 0 0 0 0 0 0 0 0 0 0 0 0 0 0 84 66 0 0 0 55 0 0 0 0 0 0 0 0 0 0 0 0 0 0 0 0 0 0 0 0 0 0 0 0 0 0 0 0 0 0 0 0 47 0 0 0 0 0 0 0 0 15 0 65 0 0 0 0 0 61 0 0 0 0 0 0 0 0 0 0 0 0 0 0 0 0 0 0 0 0 0 0 0 0 0 0 96 0 0 23 0 0 0 0 0 0 0 0 0 0 
0 0 5 0 0 0 0 0 0 0 0 0 0 58 0 0 0 0 0 0 29 0 0 0 0 0 0 0 0 0 0 0 0 0 99 0 33 0 0 0 42 0 6 0 0 0 0 0 76 0 0 0 0 0 0 0 0 0 0 0 7 0 0 0 0 0 0 0 0 0 0 0 0 0 33 2 0 0 0 0 0 0 0 32 0 79 0 43 0 0 0 61 0 0 0 0 0 0 0 0 0 0 0 0 0 0 0 0 0 0 0 0 0 0 0 47 0 0 0 0 
0 0 0 0 0 0 0 0 0 0 0 92 0 0 62 5 0 0 83 0 0 0 0 0 0 0 0 0 0 0 0 0 0 0 0 0 0 0 0 62 0 0 0 0 0 0 0 0 29 0 60 0 0 0 0 0 0 0 0 0 0 0 0 0 0 0 0 42 0 0 0 0 0 0 0 0 0 0 0 0 0 0 0 0 0 0 0 21 61 0 100 89 0 0 0 0 0 0 0 0 0 7 0 0 0 0 0 0 0 0 0 0 0 0 0 0 0 0 0 0 
0 0 0 0 25 0 0 0 0 0 91 0 0 0 57 0 0 0 0 0 0 53 0 0 12 0 80 23 0 0 0 23 0 20 0 0 0 0 0 0 0 0 0 0 0 0 0 0 29 0 63 0 0 0 0 0 0 0 7 0 0 0 0 0 0 0 0 0 83 0 0 0 0 0 0 0 0 0 0 0 0 0 0 0 0 14 0 0 0 0 0 0 0 0 0 0 0 0 0 94 0 0 0 0 0 0 0 0 0 0 0 0 0 0 0 0 0 0 0 0 
34 0 76 0 0 41 0 0 0 26 0 0 0 0 0 0 0 0 0 0 9 0 0 0 0 0 0 0 0 35 0 0 86 0 0 0 0 0 0 0 0 0 0 0 0 0 0 0 0 0 0 0 0 0 0 0 0 0 0 0 0 0 0 0 0 0 0 17 0 0 21 0 98 0 44 44 0 0 0 0 0 0 0 0 0 0 0 0 0 0 0 0 0 0 0 0 0 0 0 50 0 0 0 0 0 0 0 0 81 0 0 73 0 70 2 0 17 0 0 0 
0 0 0 0 85 0 0 0 0 0 0 0 0 0 0 81 0 0 60 0 0 0 0 88 45 0 0 0 0 0 0 0 0 0 22 0 0 0 0 0 0 0 0 0 93 0 0 25 0 0 0 0 0 0 0 0 0 47 0 0 0 0 0 53 0 0 0 60 0 0 0 73 0 0 0 0 0 47 0 0 0 0 0 0 0 76 0 0 0 0 32 0 0 0 0 0 64 0 0 0 0 0 54 0 0 0 0 0 0 0 36 0 0 0 0 0 0 0 0 0 
0 0 0 0 0 0 0 0 0 0 0 0 0 0 99 0 0 0 0 0 0 0 0 65 0 0 0 0 0 22 0 0 0 0 0 0 74 60 0 0 0 0 0 0 0 0 0 0 0 0 83 0 0 0 25 0 0 0 0 0 0 0 53 0 0 0 0 0 0 0 0 0 0 0 0 0 84 0 0 0 0 0 40 0 63 0 0 0 0 0 0 0 0 0 0 0 0 0 0 0 0 0 0 0 0 32 0 0 1 0 12 0 49 0 0 0 0 0 0 0 
0 0 53 0 0 0 0 0 0 0 0 0 0 0 0 0 0 0 0 5 0 0 8 0 0 0 0 0 0 0 0 0 0 0 8 0 78 0 0 0 0 0 0 0 45 0 0 78 0 0 0 0 0 0 0 30 0 0 0 0 0 0 0 0 0 0 0 0 0 0 0 0 0 0 0 0 0 0 0 20 0 0 0 0 33 0 0 0 0 0 0 0 0 0 0 0 0 0 0 0 0 0 0 0 0 0 33 0 0 0 99 62 0 0 0 0 0 59 0 0 
0 0 0 0 9 0 0 0 0 0 0 0 0 37 0 0 0 0 0 0 0 0 0 0 0 0 0 0 0 0 0 0 0 68 0 0 0 0 0 0 0 20 0 0 0 0 0 0 0 0 0 0 0 0 0 0 97 0 0 0 0 0 0 0 0 0 0 0 0 0 0 0 0 0 28 0 0 0 0 0 0 0 0 0 0 0 0 0 0 23 0 0 0 0 0 0 0 0 0 0 28 0 0 0 0 0 0 0 92 15 0 0 0 0 0 0 0 0 0 0 
0 0 0 0 0 85 0 36 0 0 0 0 23 0 14 40 0 0 20 0 0 0 0 0 0 0 22 0 0 0 0 0 0 0 0 0 0 18 0 0 0 0 0 26 0 86 0 88 0 0 0 0 0 0 0 0 0 0 0 0 0 0 0 0 0 0 0 0 0 0 0 0 0 20 0 0 16 0 0 0 0 0 0 0 4 33 0 0 0 0 0 0 0 0 0 0 0 0 0 0 0 0 9 0 0 0 0 0 0 0 0 0 0 0 0 0 0 0 0 0 
0 59 0 40 0 0 4 0 56 0 0 0 0 0 0 0 0 0 0 0 0 0 51 16 0 0 0 0 0 40 0 68 19 0 0 0 0 65 0 0 0 0 85 0 8 0 0 0 0 0 0 0 0 0 0 0 0 0 0 42 0 17 60 0 0 0 0 0 0 0 0 13 0 0 0 0 0 0 0 0 0 0 0 0 0 0 0 0 0 39 0 0 0 0 0 0 0 51 0 0 0 0 0 0 0 0 0 0 0 0 0 0 0 0 0 0 0 0 14 0 
40 0 18 0 0 46 0 0 0 0 0 0 0 0 0 59 0 51 0 41 0 0 0 3 0 0 0 0 0 0 0 0 0 0 0 12 65 37 0 0 0 0 42 0 0 0 0 30 0 0 0 0 0 0 0 0 0 0 0 0 83 0 0 0 0 0 0 0 0 0 0 0 0 0 0 0 0 0 25 0 0 0 0 0 0 0 0 0 0 0 0 0 0 0 0 0 0 0 0 0 0 0 0 0 0 0 0 0 0 0 0 0 0 0 0 85 0 0 0 66 
0 0 0 0 0 0 0 0 0 0 86 0 0 0 0 0 0 0 0 0 0 0 17 0 9 0 0 0 0 0 0 0 0 0 0 0 0 0 0 69 0 0 0 0 0 16 0 0 0 67 0 0 0 43 0 0 0 0 0 0 0 0 0 0 0 0 0 0 0 0 0 0 33 0 0 0 70 0 0 0 0 0 0 0 0 0 0 0 30 0 0 0 0 0 0 0 0 0 0 0 0 0 0 0 0 0 0 97 0 0 0 0 0 13 0 0 0 0 78 57 
0 0 0 0 0 0 0 0 0 0 0 0 47 88 26 0 13 0 0 0 0 0 0 0 0 0 0 0 0 0 0 0 0 0 0 0 0 75 0 0 0 0 0 0 0 83 0 0 0 0 77 0 0 0 0 0 0 0 0 0 0 21 0 0 0 0 0 0 0 0 0 0 0 0 0 0 0 0 0 100 0 99 6 0 0 0 38 0 0 0 0 0 0 0 0 74 0 0 0 0 31 0 8 72 0 0 0 0 0 0 0 0 97 0 0 0 0 0 0 0 
0 0 68 57 0 0 47 0 0 0 0 0 0 0 0 0 0 29 0 0 0 0 35 0 0 0 0 0 0 0 0 0 0 0 0 29 0 89 74 0 0 0 0 0 0 0 65 0 0 0 72 18 0 0 0 0 0 15 0 0 0 0 73 0 0 0 0 13 0 0 0 0 0 0 29 0 0 0 58 0 0 0 0 0 0 0 0 0 0 0 0 0 0 0 0 0 0 86 0 0 0 0 0 0 0 63 0 0 0 0 8 0 0 0 86 0 0 24 0 0 
13 0 0 0 0 0 0 0 0 0 83 0 29 0 0 0 0 0 0 86 0 0 0 0 0 1 0 0 0 0 0 0 0 0 0 0 71 0 0 0 0 0 0 0 0 0 0 0 0 0 0 0 0 0 0 0 85 0 0 0 0 98 0 0 0 0 0 0 0 33 0 0 0 0 0 0 0 0 0 0 0 0 0 0 0 0 0 0 0 0 0 0 0 0 0 0 0 0 0 0 0 0 0 0 0 0 0 0 0 0 0 27 0 0 0 0 0 0 0 80 
0 0 56 0 0 0 0 0 0 0 0 30 0 0 0 0 0 0 0 0 0 56 0 0 0 0 0 0 0 0 0 0 0 0 0 0 0 0 0 0 31 0 0 0 0 0 0 41 0 0 0 0 0 93 0 92 0 65 0 0 0 0 0 0 0 0 20 0 0 0 0 0 0 0 0 0 0 0 0 0 53 0 14 0 11 0 97 0 0 70 0 0 0 0 0 0 30 0 0 94 0 0 0 0 0 0 0 0 36 0 0 14 0 14 0 0 0 0 92 72 
0 97 0 0 0 0 0 0 0 72 0 85 0 0 0 0 0 0 0 0 0 0 0 92 0 0 0 22 0 44 0 0 0 75 0 0 0 0 0 0 0 0 0 0 0 0 0 0 0 0 0 0 0 0 0 0 0 0 33 0 0 44 0 0 0 28 0 0 0 0 0 29 0 0 0 0 50 0 0 0 0 0 0 0 0 0 85 0 0 0 0 0 8 0 98 0 0 95 0 0 0 0 0 0 0 0 0 0 0 0 0 0 0 0 82 34 0 0 0 0 
0 0 0 0 0 0 0 0 0 98 0 0 0 0 0 0 0 0 0 0 0 0 7 0 0 92 0 0 92 0 0 0 0 77 0 0 0 0 0 0 93 0 0 0 0 0 0 0 0 0 0 0 0 0 0 0 0 0 2 0 0 44 0 0 0 0 0 0 0 0 0 0 0 0 0 0 0 0 0 0 0 0 0 0 0 0 0 36 0 0 0 0 75 0 0 0 0 43 0 0 0 19 0 0 0 0 0 0 0 0 0 0 0 0 0 0 0 0 68 0 
0 18 0 0 0 0 0 0 0 0 0 0 55 93 0 0 10 0 5 0 0 0 0 0 0 0 0 64 0 0 0 0 0 0 54 99 0 0 0 73 0 0 0 0 0 0 0 0 0 0 0 6 0 0 0 0 0 0 0 0 0 0 0 84 0 0 16 0 0 70 0 0 0 0 50 0 0 0 30 0 0 0 0 96 0 0 0 87 0 0 0 0 0 0 0 0 0 0 0 98 0 89 0 0 0 92 0 0 0 0 0 92 0 0 41 59 0 0 0 47 
67 0 0 0 0 0 78 0 0 0 0 0 0 0 0 0 0 9 0 0 0 16 0 0 99 0 0 0 0 0 0 0 21 44 0 0 0 0 0 0 0 0 0 0 0 0 0 0 0 0 0 0 0 0 0 0 80 0 0 0 0 0 47 0 0 0 0 0 0 0 0 0 0 0 0 0 0 0 0 0 0 0 0 0 0 0 0 0 0 68 0 0 0 0 0 0 0 0 22 0 0 0 0 94 0 25 0 0 0 0 0 0 0 72 0 0 0 0 0 0 
0 88 0 0 0 0 0 0 0 0 0 0 0 0 0 22 0 0 22 0 0 0 0 0 0 0 12 0 87 0 0 0 0 0 0 0 0 0 0 0 0 0 0 0 0 0 0 0 0 0 0 0 0 0 74 0 0 0 0 0 0 0 0 0 0 0 0 0 25 0 0 58 0 0 0 0 30 0 0 0 0 0 0 0 39 68 0 70 36 0 0 0 0 65 0 0 0 0 0 0 0 0 0 57 20 0 0 0 0 0 0 0 0 61 0 11 0 0 0 0 
0 0 0 0 0 0 0 0 0 0 0 0 0 0 0 0 0 0 0 0 0 0 0 0 0 0 0 0 0 0 0 0 0 8 0 0 42 0 0 0 0 23 0 0 0 0 0 0 79 0 0 8 0 0 0 0 0 61 0 0 0 0 0 0 20 0 0 0 0 0 100 0 0 0 0 0 0 0 0 0 0 0 0 32 0 0 0 0 0 0 0 0 0 0 0 33 0 0 0 0 0 89 0 0 0 0 0 0 0 0 0 0 0 0 0 0 0 0 0 0 
0 0 0 0 0 0 0 0 0 0 0 0 0 18 0 0 0 15 48 0 0 0 0 0 0 0 0 0 0 0 0 0 0 83 61 77 0 0 0 33 0 0 0 0 0 0 0 74 0 0 0 0 0 0 0 0 0 0 0 0 0 0 0 0 0 0 0 0 0 0 0 0 0 53 0 0 0 0 0 0 0 0 91 0 0 0 0 0 0 0 0 0 0 55 0 0 0 0 0 0 0 0 0 0 0 79 0 0 0 0 0 0 0 0 0 0 0 23 60 0 
24 0 0 0 0 17 99 0 0 77 0 0 0 0 0 0 0 0 0 0 0 0 0 0 0 0 0 0 0 0 0 0 0 0 0 0 0 42 0 0 0 1 0 0 0 0 0 0 0 0 0 0 0 0 0 0 0 0 0 0 0 0 0 0 0 0 0 0 0 0 99 0 0 0 0 0 0 0 0 0 0 0 0 0 0 0 0 0 0 0 0 0 0 0 0 0 0 0 0 0 0 0 0 0 0 0 35 0 0 0 0 0 0 0 0 0 0 0 20 33 
0 20 18 53 0 0 0 0 0 0 0 0 0 0 0 0 0 0 0 0 2 0 0 0 0 0 0 0 0 64 0 0 0 0 0 0 52 0 0 0 0 90 0 35 0 0 0 0 90 0 0 0 0 0 22 0 0 0 0 0 0 0 0 40 0 0 0 0 0 0 6 0 0 14 0 0 0 0 0 0 91 0 0 0 0 0 0 0 0 0 30 77 0 0 0 1 0 0 0 0 0 0 0 0 0 0 0 0 0 15 0 0 0 60 0 0 73 0 0 18 
0 0 0 0 0 0 0 0 41 0 0 0 0 0 0 0 0 0 0 0 0 0 0 0 0 0 0 0 0 0 50 0 0 0 0 0 0 0 88 23 35 0 0 0 0 36 29 0 0 0 0 0 95 0 28 0 0 0 32 0 0 0 0 0 0 0 0 0 0 0 0 0 0 0 0 0 96 0 0 32 0 0 0 0 0 0 0 0 0 0 0 0 0 0 0 0 0 0 0 0 0 0 0 0 0 0 0 0 0 0 0 0 0 0 63 59 0 0 35 0 
0 0 0 0 0 0 0 0 0 0 0 0 0 0 0 79 0 0 0 0 0 0 0 0 0 0 44 0 78 0 0 0 0 0 0 95 0 0 0 0 0 27 0 0 0 0 0 0 0 0 0 0 0 56 0 0 0 0 0 0 0 0 0 63 33 0 4 0 0 0 0 0 0 11 0 0 0 0 39 0 0 0 0 0 0 64 95 0 80 0 0 0 0 54 0 0 0 0 0 0 0 0 0 89 57 0 0 0 0 0 0 16 0 0 0 0 0 78 0 60 
0 0 0 0 0 0 0 0 0 0 0 0 0 0 0 91 0 0 0 0 0 0 0 0 0 0 0 0 0 0 0 0 0 32 0 0 0 0 69 0 0 0 0 0 0 0 0 0 60 0 0 0 0 0 0 50 0 0 79 0 14 0 76 0 0 0 33 0 0 0 0 0 0 0 0 0 0 0 68 0 0 0 0 0 64 0 0 0 0 0 0 0 78 0 0 0 0 0 0 0 0 0 0 0 0 0 0 0 0 0 0 0 0 0 0 0 0 0 0 0 
0 0 0 83 0 0 0 0 85 0 0 0 0 0 0 0 0 0 0 66 0 55 0 0 0 0 0 0 0 0 0 0 0 0 0 0 0 0 0 0 0 0 0 0 0 0 33 0 0 0 0 0 0 0 0 26 0 0 0 0 0 0 0 0 0 0 0 0 0 0 38 0 0 97 85 0 0 0 0 0 0 0 0 0 95 0 0 0 0 100 0 0 35 0 0 0 0 0 0 0 0 0 0 0 0 0 0 0 0 73 0 0 0 0 0 0 0 0 0 81 
0 0 0 0 0 0 0 0 0 0 65 0 0 0 0 0 0 19 0 84 0 0 0 0 0 0 0 0 0 0 0 0 0 0 0 0 0 15 0 0 0 0 5 0 54 60 0 45 0 0 0 0 0 0 0 0 0 0 43 21 0 0 0 0 0 0 0 0 0 0 0 0 0 0 0 36 87 0 70 0 0 0 0 0 0 0 0 0 0 0 0 0 91 0 0 0 0 0 42 0 0 0 0 0 0 99 0 43 5 0 0 39 0 0 0 0 57 0 0 0 
97 0 0 0 70 17 48 0 0 0 0 0 0 0 0 0 0 0 0 27 0 0 0 0 0 0 0 0 0 0 0 0 0 88 0 29 0 0 0 38 0 0 0 0 0 0 13 27 0 0 0 0 0 0 0 0 0 0 0 61 0 0 0 0 0 0 0 0 0 30 0 0 0 0 0 0 0 0 36 0 0 0 0 0 80 0 0 0 0 0 0 0 0 0 0 0 0 0 0 18 0 0 0 67 0 0 0 0 0 77 0 0 0 0 0 67 0 0 0 0 
0 0 0 0 0 0 0 0 82 0 0 0 0 0 0 45 0 0 0 45 78 43 19 0 0 0 0 0 0 0 0 0 0 0 0 0 0 0 0 0 0 7 0 0 0 0 0 0 0 29 0 0 0 0 0 0 33 0 0 0 0 0 0 0 0 23 0 39 0 0 0 0 0 70 0 0 0 68 0 0 0 0 0 0 0 0 100 0 0 0 0 0 0 0 0 0 0 0 0 0 0 0 30 0 0 20 0 92 0 0 0 0 0 0 0 0 0 0 0 0 
0 0 0 13 0 32 85 82 0 0 0 0 0 0 0 0 0 0 0 0 0 0 0 0 0 0 0 0 0 0 0 0 0 0 0 0 0 0 38 0 0 0 0 0 0 0 0 77 88 0 0 0 0 0 0 0 81 0 0 100 0 0 32 0 0 0 0 0 0 0 0 0 0 0 0 0 0 0 0 0 0 0 30 0 0 0 0 0 0 0 0 0 0 0 0 0 9 0 0 0 0 0 46 0 0 0 28 0 11 0 0 67 33 0 0 0 0 0 0 40 
0 0 0 0 0 0 0 0 0 0 0 0 0 100 0 91 0 53 0 0 0 0 0 0 0 0 0 0 0 0 0 0 0 0 0 0 5 92 0 83 0 0 0 0 75 0 29 0 0 0 0 37 0 0 0 92 0 0 61 89 0 0 0 0 0 0 0 0 0 0 0 0 0 0 0 0 0 0 0 0 0 0 77 0 0 0 0 0 0 0 0 0 0 15 80 0 0 0 0 0 0 30 0 0 0 0 0 22 0 0 0 0 0 0 0 0 0 0 0 0 
0 0 0 0 85 58 0 24 0 0 0 0 0 0 0 0 0 0 0 0 0 0 15 0 0 0 0 0 0 55 0 0 0 0 0 0 97 0 0 0 73 0 0 0 0 0 0 0 0 0 0 0 0 0 0 0 0 0 0 0 0 0 0 0 0 0 0 0 0 0 0 0 0 0 8 75 0 0 0 0 0 0 0 0 0 78 35 91 0 0 0 0 0 0 17 0 77 0 0 0 0 0 0 17 0 0 0 0 0 0 0 0 0 0 0 0 0 0 0 0 
0 0 0 0 0 0 0 0 0 0 0 0 0 39 48 82 0 0 0 0 0 0 0 0 0 0 0 54 0 0 0 0 0 0 0 0 0 0 0 0 0 0 0 0 0 0 0 0 0 0 0 36 0 0 0 0 0 0 0 0 0 0 0 0 0 0 0 0 0 0 0 0 0 0 0 0 0 0 65 0 55 0 0 0 54 0 0 0 0 0 0 15 0 0 0 0 0 0 0 0 0 0 0 43 70 0 0 0 0 0 0 0 0 0 0 1 0 0 0 0 
0 0 0 0 0 0 0 0 0 0 0 0 0 0 0 0 0 0 0 0 0 0 0 0 0 0 18 0 0 0 0 0 48 0 0 0 0 84 0 0 0 0 0 0 0 81 0 0 0 0 0 0 0 0 0 0 0 0 0 0 0 0 0 0 0 0 0 0 0 0 0 0 0 0 98 0 0 0 0 0 0 0 0 0 0 0 0 0 0 0 0 80 17 0 0 0 0 0 0 0 0 0 0 0 0 0 9 89 0 0 0 0 0 0 0 0 0 53 0 0 
0 0 0 0 0 0 0 0 0 0 0 0 0 0 0 0 0 0 0 0 0 0 0 0 0 0 0 0 0 0 0 0 0 0 0 0 0 0 0 0 0 0 0 0 0 0 0 0 0 0 0 0 79 0 0 0 0 0 0 0 0 0 0 0 0 0 0 0 0 0 74 0 0 0 0 0 0 0 0 33 0 0 1 0 0 0 0 0 0 0 0 0 0 0 0 0 0 0 0 0 14 0 0 0 0 72 0 0 0 44 0 14 0 0 0 0 0 0 51 88 
47 0 32 0 0 0 0 0 0 0 0 0 0 0 0 0 0 58 0 0 0 0 0 0 0 0 0 0 0 0 0 0 0 0 0 0 0 1 0 0 0 0 0 17 0 0 0 0 35 0 58 51 0 0 11 0 43 0 0 0 0 0 64 0 0 0 0 0 0 0 0 0 0 30 0 0 0 0 0 0 0 0 0 0 0 0 0 0 0 0 9 0 77 0 0 0 0 0 0 0 0 0 0 0 0 0 0 0 0 0 0 0 0 0 0 0 0 0 0 0 
0 0 0 0 0 0 0 0 92 0 0 0 0 0 0 0 0 0 0 0 85 0 0 0 0 0 0 0 0 0 0 0 0 70 20 0 29 0 0 0 0 0 0 40 0 77 0 0 0 0 0 0 27 0 0 0 0 0 0 0 0 0 0 0 0 0 0 51 0 0 0 86 0 0 95 43 0 0 0 0 0 0 0 0 0 0 0 0 0 0 0 0 0 0 0 0 0 0 0 0 0 0 8 36 0 0 0 0 0 0 0 0 0 0 39 0 0 0 0 91 
0 0 0 0 0 0 0 9 0 0 0 0 37 0 0 0 0 0 0 38 0 0 0 0 0 0 0 24 0 0 0 0 20 0 0 17 0 0 0 0 0 0 0 0 0 0 0 0 0 0 0 0 0 0 0 0 0 0 0 0 0 0 0 0 0 0 0 0 0 0 0 0 0 0 0 0 0 22 0 0 0 0 0 0 0 0 0 42 0 0 0 0 0 0 0 0 0 0 0 0 0 0 0 12 0 0 0 0 0 74 0 24 98 0 0 0 0 31 0 0 
0 0 0 47 0 0 0 0 65 0 10 0 0 0 0 0 0 0 0 0 0 0 0 0 0 0 0 0 0 58 24 0 0 0 0 0 0 0 0 45 0 0 0 0 0 0 0 0 0 0 0 0 0 0 72 0 0 0 0 0 94 50 0 0 0 0 0 0 0 0 0 0 0 94 0 0 98 0 0 0 0 0 0 0 0 0 0 0 18 0 0 0 0 0 0 0 0 0 0 0 0 0 0 0 0 0 0 8 0 0 0 0 28 0 0 0 7 0 0 0 
0 0 0 73 0 0 84 0 0 0 0 0 71 0 0 0 0 0 0 0 0 0 0 0 0 0 0 0 0 0 0 0 0 0 0 0 0 0 0 0 0 0 0 74 0 0 0 0 0 6 0 0 0 0 0 0 0 0 0 0 0 0 0 0 0 28 0 0 0 0 31 0 0 0 0 0 0 0 0 0 0 0 0 0 0 0 0 0 0 0 0 0 0 0 0 14 0 0 0 0 0 0 0 0 39 0 0 0 0 0 76 0 0 0 0 0 0 0 0 0 
0 0 4 0 0 0 13 0 0 0 80 0 0 0 0 0 0 7 0 0 0 5 0 0 0 0 0 0 0 0 0 0 0 0 0 0 0 0 0 0 0 0 0 31 0 0 0 0 0 0 0 0 0 0 0 0 0 0 0 7 0 0 0 0 0 0 0 0 0 0 0 0 0 0 0 19 89 0 0 89 0 0 0 0 0 0 0 0 0 0 0 30 0 0 0 0 0 0 0 0 0 0 0 0 0 0 0 0 0 0 0 0 35 0 0 0 0 0 0 0 
0 0 25 0 0 0 0 0 0 0 0 0 0 0 0 0 0 0 85 0 0 0 0 0 0 0 0 0 0 0 0 0 0 0 0 0 0 0 0 0 0 0 0 25 55 0 0 0 0 33 0 0 0 0 0 0 0 0 0 0 0 0 54 0 0 0 9 0 0 0 8 0 0 0 0 0 0 0 0 0 0 0 0 0 0 0 0 0 0 30 46 0 0 0 0 0 0 8 0 0 0 0 0 0 0 0 0 0 25 0 0 0 0 0 0 0 0 0 0 34 
0 0 0 0 0 0 0 0 0 35 0 0 0 21 0 0 37 0 0 0 0 0 0 0 0 17 86 0 0 0 65 0 0 0 0 0 0 0 0 0 0 0 0 0 0 0 0 0 0 0 0 0 0 0 0 6 0 0 0 0 0 0 0 0 0 0 0 0 0 0 72 0 0 0 0 0 0 94 57 0 0 0 0 0 89 0 0 0 67 0 0 0 17 43 0 0 0 36 12 0 0 0 0 0 0 0 0 0 0 0 7 0 0 0 0 0 0 0 0 0 
0 0 0 0 0 0 0 0 0 0 18 0 0 0 0 0 0 0 0 0 0 0 0 0 0 0 57 3 0 0 0 0 27 0 56 0 0 0 0 0 0 0 0 0 92 59 0 0 0 0 0 0 0 89 0 0 7 0 0 0 0 0 0 0 0 0 0 0 0 0 0 0 0 0 0 0 0 0 20 0 0 0 0 0 57 0 0 0 0 0 0 0 0 70 0 0 0 0 0 0 39 0 0 0 0 0 77 0 0 0 0 0 0 0 0 0 0 0 35 0 
0 83 0 0 0 0 0 0 0 0 0 0 0 0 0 0 96 0 0 0 0 0 0 0 0 0 0 0 9 0 0 0 0 51 0 0 0 0 0 0 0 0 0 51 0 0 0 0 0 0 0 0 0 0 0 0 0 0 0 0 0 0 0 32 0 0 0 0 0 0 0 63 0 0 0 0 92 25 0 0 79 0 0 0 0 0 0 99 0 20 0 0 0 0 0 72 0 0 0 0 0 0 0 0 0 0 0 0 0 0 0 0 0 0 52 0 0 0 0 0 
0 0 0 0 0 0 65 0 96 0 0 0 0 0 0 13 0 80 0 0 0 0 91 0 0 0 0 0 0 0 0 0 0 0 0 0 0 0 0 59 72 0 0 0 0 0 0 0 0 0 0 0 0 0 94 0 0 96 0 0 0 0 0 0 33 0 0 0 0 0 0 0 0 0 0 0 0 0 0 0 0 35 0 0 0 0 0 0 0 0 28 0 0 0 9 0 0 0 0 0 0 0 0 0 77 0 0 0 0 86 0 0 0 0 0 0 0 0 85 0 
0 63 0 0 0 0 0 0 70 0 0 0 0 0 0 0 0 0 0 0 0 0 0 0 0 0 0 0 0 0 0 0 0 0 0 38 0 0 0 95 0 0 0 0 0 0 0 0 0 0 0 0 98 0 0 0 17 0 0 0 0 0 0 0 0 0 0 0 0 97 0 0 0 0 0 0 0 0 0 0 0 0 0 0 0 0 0 43 0 92 0 22 0 0 89 0 0 0 0 8 0 0 0 0 0 0 0 0 0 0 53 0 0 0 0 0 0 0 0 0 
0 0 0 0 0 0 0 0 0 0 0 0 0 65 0 0 31 0 0 0 32 0 81 0 0 0 56 72 0 0 0 0 0 0 0 0 0 0 0 0 0 0 0 0 0 0 0 69 0 0 0 0 0 0 0 0 0 0 0 0 0 81 0 1 0 92 0 0 0 0 0 0 0 36 0 0 0 0 0 0 0 0 0 0 0 0 0 5 0 0 11 0 0 0 0 0 0 0 0 0 0 0 25 0 0 0 0 0 0 0 0 0 0 83 0 0 19 0 0 56 
0 0 0 0 0 0 0 0 0 0 0 0 0 0 0 0 0 0 0 0 0 0 0 0 0 69 0 0 0 0 0 0 0 0 0 0 0 0 0 0 0 0 25 0 0 0 16 70 73 0 0 0 0 0 73 47 0 23 0 0 0 0 0 0 0 15 0 0 0 0 0 0 0 0 0 0 0 0 0 0 0 0 15 0 0 0 73 0 77 0 0 0 0 0 0 44 0 0 74 0 0 0 0 0 0 0 86 0 0 0 0 0 0 0 0 0 0 81 0 0 
0 0 0 0 0 0 100 0 0 0 0 0 0 0 36 0 0 0 0 0 0 0 0 0 0 0 0 2 0 0 0 46 0 0 0 74 0 0 0 0 0 94 0 94 0 0 0 0 20 0 54 0 0 90 0 0 0 0 0 0 0 0 36 12 99 0 0 0 0 0 0 8 0 0 0 0 0 0 0 0 0 0 0 0 0 0 0 0 0 0 0 0 0 0 0 0 0 0 0 0 76 0 0 7 0 0 0 53 0 0 0 10 0 0 0 0 0 0 0 0 
0 0 73 0 0 0 0 67 0 0 0 0 0 0 0 0 0 0 0 0 0 0 25 0 0 0 0 0 0 0 66 0 0 0 0 0 0 97 0 0 0 0 0 0 0 61 0 0 0 35 1 0 0 0 0 0 45 0 0 0 0 73 0 0 62 0 0 0 0 0 0 0 27 14 0 0 92 0 0 0 0 0 0 0 16 0 0 39 0 0 67 0 0 0 0 14 0 0 24 0 0 0 0 0 0 0 0 0 0 0 10 0 0 0 0 0 0 0 0 0 
0 0 0 0 0 0 0 0 0 0 0 0 0 0 69 0 0 0 0 0 78 0 0 0 0 0 66 0 59 0 0 66 0 0 93 0 19 0 0 0 0 22 0 0 0 0 89 0 0 0 0 0 0 0 0 0 0 0 0 0 0 0 0 49 0 0 0 0 0 0 97 0 0 0 0 0 0 0 0 0 0 0 0 0 0 0 0 0 0 0 33 0 0 0 0 0 0 0 98 28 0 35 0 0 0 0 0 0 0 0 0 0 0 0 0 0 0 0 0 0 
0 0 0 0 0 0 77 0 0 0 0 0 0 0 0 0 75 0 0 0 0 0 0 0 0 0 0 0 0 0 0 4 0 0 0 0 0 0 0 91 0 0 0 0 0 0 0 0 0 0 0 0 0 0 0 0 0 0 0 0 0 70 0 0 0 0 0 0 0 13 0 0 0 14 0 0 0 72 61 0 0 0 60 0 0 0 0 0 0 0 0 0 0 0 0 0 0 0 0 0 0 0 0 0 0 0 0 0 83 0 0 0 0 0 0 0 0 87 0 0 
0 0 94 0 0 0 0 22 0 0 0 0 0 0 58 0 0 0 0 0 0 0 0 0 0 59 0 0 0 0 0 0 0 0 95 0 0 0 4 0 0 0 0 0 0 0 0 0 0 0 0 0 0 0 0 0 0 0 0 0 0 2 0 0 0 0 0 0 0 0 0 86 0 0 82 0 41 0 0 0 0 0 0 63 0 0 0 0 0 0 0 0 0 0 0 0 0 39 0 0 0 0 0 0 0 52 0 0 0 0 0 0 0 0 0 0 0 50 60 0 
0 60 0 0 0 0 0 0 24 0 0 0 0 0 0 0 0 0 0 0 0 0 0 0 0 0 0 0 0 0 0 0 0 0 0 0 0 0 0 57 0 41 0 0 0 0 0 0 61 0 0 22 0 0 27 0 98 0 47 0 0 0 0 0 0 0 0 0 85 0 0 0 0 0 34 0 59 0 11 0 0 0 0 59 0 0 0 0 67 0 0 0 0 1 0 0 0 0 0 0 0 0 0 0 0 0 0 0 0 0 0 0 0 0 0 0 32 0 99 0 
0 0 8 55 0 66 0 0 0 0 0 41 0 0 0 0 0 29 0 48 0 0 0 0 98 7 0 0 0 0 0 0 83 0 0 0 0 0 0 59 21 0 0 48 0 0 0 0 0 0 0 0 90 0 0 0 0 0 0 0 0 17 0 0 0 0 0 0 0 0 0 0 0 0 0 0 0 0 0 0 0 0 73 0 0 0 0 57 0 0 0 0 0 0 0 0 0 0 0 7 0 0 0 0 0 0 0 0 19 0 0 0 0 0 0 32 0 0 0 0 
0 0 0 0 0 80 0 0 0 29 0 0 100 0 0 0 0 0 0 0 0 0 81 0 0 0 0 1 0 14 0 95 0 0 0 0 0 0 0 0 0 0 0 0 0 0 0 0 0 0 73 0 34 0 0 0 0 0 0 0 0 0 0 0 59 0 0 0 0 0 0 24 0 0 0 0 0 0 0 0 23 0 0 0 78 0 0 0 0 0 0 0 0 0 53 0 0 0 31 0 0 0 0 0 0 0 0 0 0 81 0 0 0 87 50 0 0 0 0 0 
0 0 0 0 0 0 0 0 0 0 0 0 0 90 0 0 0 0 0 0 0 0 0 0 0 0 0 0 0 0 0 0 0 0 0 0 0 0 0 0 47 0 0 0 0 0 60 0 0 0 0 0 0 0 38 0 0 0 0 0 0 0 0 0 0 0 0 14 0 78 0 0 0 92 0 68 0 0 0 0 60 20 0 35 0 0 0 0 0 0 0 0 0 0 0 51 0 0 0 0 0 0 0 0 35 0 85 0 0 0 0 0 0 0 60 99 0 0 0 18 
0 0 0 0 0 0 0 0 0 0 0 0 0 0 0 0 0 0 0 0 96 0 0 0 0 0 14 0 0 0 0 0 0 0 0 0 0 0 0 0 0 0 0 0 0 0 0 0 0 0 0 0 0 0 0 0 0 0 0 0 0 0 0 0 0 0 0 0 66 57 0 0 80 72 0 0 47 0 0 0 0 33 18 0 60 0 81 0 0 0 40 0 0 0 0 88 0 91 0 0 0 0 34 0 0 0 0 0 56 0 0 0 0 0 0 0 0 0 18 0 
