20
0 96 78 97 98 0 0 0 0 0 0 0 0 64 0 0 51 0 0 0 
96 0 0 70 0 0 0 0 60 0 0 0 0 0 63 0 93 36 0 0 
78 0 0 0 0 20 31 0 0 0 70 0 0 0 0 0 53 0 0 32 
97 70 0 0 0 0 46 0 0 0 0 26 0 0 94 2 45 0 0 0 
98 0 0 0 0 0 0 0 0 0 0 0 0 18 0 0 0 0 0 0 
0 0 20 0 0 0 0 0 31 0 70 0 2 0 0 0 0 0 0 0 
0 0 31 46 0 0 0 95 23 0 0 0 0 0 0 0 0 9 0 0 
0 0 0 0 0 0 95 0 89 0 0 0 0 0 0 0 0 0 0 0 
0 60 0 0 0 31 23 89 0 0 0 0 0 0 0 0 0 0 2 0 
0 0 0 0 0 0 0 0 0 0 0 73 0 0 0 0 0 22 0 0 
0 0 70 0 0 70 0 0 0 0 0 0 56 0 0 57 0 0 0 0 
0 0 0 26 0 0 0 0 0 73 0 0 0 0 47 0 19 0 0 43 
0 0 0 0 0 2 0 0 0 0 56 0 0 0 0 0 0 0 0 0 
64 0 0 0 18 0 0 0 0 0 0 0 0 0 0 0 0 59 0 0 
0 63 0 94 0 0 0 0 0 0 0 47 0 0 0 0 0 0 34 0 
0 0 0 2 0 0 0 0 0 0 57 0 0 0 0 0 0 0 0 2 
51 93 53 45 0 0 0 0 0 0 0 19 0 0 0 0 0 0 0 0 
0 36 0 0 0 0 9 0 0 22 0 0 0 59 0 0 0 0 0 0 
0 0 0 0 0 0 0 0 2 0 0 0 0 0 34 0 0 0 0 8 
0 0 32 0 0 0 0 0 0 0 0 43 0 0 0 2 0 0 8 0 
