30
0 100 0 0 0 0 36 0 0 14 14 0 0 0 0 33 98 99 0 0 0 0 0 0 0 66 0 0 0 0 
100 0 0 13 0 0 0 0 0 0 0 54 0 0 0 0 71 0 0 0 0 0 0 5 52 62 0 0 0 0 
0 0 0 0 7 0 0 49 0 0 0 0 0 0 0 0 0 0 0 20 0 0 0 0 0 0 76 0 0 43 
0 13 0 0 0 0 0 0 0 0 95 0 0 0 0 0 0 0 0 0 0 0 0 1 0 0 81 47 0 0 
0 0 7 0 0 0 0 0 0 59 0 0 0 0 0 0 0 0 0 0 0 0 0 73 78 0 0 0 0 0 
0 0 0 0 0 0 0 0 0 0 0 0 0 0 0 9 0 0 0 0 0 0 0 0 0 0 0 0 0 0 
36 0 0 0 0 0 0 0 0 48 0 0 35 0 0 56 0 9 0 0 0 0 0 0 6 0 0 0 0 0 
0 0 49 0 0 0 0 0 94 0 0 9 0 0 0 0 0 0 0 0 0 7 0 86 0 0 0 0 0 66 
0 0 0 0 0 0 0 94 0 0 0 0 0 0 0 0 0 0 0 1 0 99 0 0 42 0 7 8 0 0 
14 0 0 0 59 0 48 0 0 0 58 0 0 18 0 0 68 0 94 0 0 33 0 0 0 0 0 0 0 0 
14 0 0 95 0 0 0 0 0 58 0 20 0 0 82 0 0 0 0 0 0 0 84 0 0 0 0 0 0 0 
0 54 0 0 0 0 0 9 0 0 20 0 22 0 0 0 32 0 0 0 38 0 0 0 0 0 0 0 0 0 
0 0 0 0 0 0 35 0 0 0 0 22 0 0 0 0 0 5 0 0 0 0 0 0 0 0 0 0 0 0 
0 0 0 0 0 0 0 0 0 18 0 0 0 0 0 0 0 0 74 0 0 0 0 69 0 0 0 0 87 18 
0 0 0 0 0 0 0 0 0 0 82 0 0 0 0 0 23 0 0 58 15 0 0 0 0 0 0 0 0 0 
33 0 0 0 0 9 56 0 0 0 0 0 0 0 0 0 0 0 0 37 0 0 0 19 0 0 0 0 0 0 
98 71 0 0 0 0 0 0 0 68 0 32 0 0 23 0 0 0 0 0 0 0 0 0 0 34 94 0 0 0 
99 0 0 0 0 0 9 0 0 0 0 0 5 0 0 0 0 0 0 0 0 0 19 0 0 0 0 0 0 68 
0 0 0 0 0 0 0 0 0 94 0 0 0 74 0 0 0 0 0 0 0 0 0 18 0 0 0 29 0 0 
0 0 20 0 0 0 0 0 1 0 0 0 0 0 58 37 0 0 0 0 0 22 0 76 0 0 0 0 31 0 
0 0 0 0 0 0 0 0 0 0 0 38 0 0 15 0 0 0 0 0 0 0 18 0 0 0 78 32 0 0 
0 0 0 0 0 0 0 7 99 33 0 0 0 0 0 0 0 0 0 22 0 0 77 0 0 0 0 0 0 0 
0 0 0 0 0 0 0 0 0 0 84 0 0 0 0 0 0 19 0 0 18 77 0 5 0 0 0 0 0 0 
0 5 0 1 73 0 0 86 0 0 0 0 0 69 0 19 0 0 18 76 0 0 5 0 0 0 0 0 0 88 
0 52 0 0 78 0 6 0 42 0 0 0 0 0 0 0 0 0 0 0 0 0 0 0 0 0 0 55 93 87 
66 62 0 0 0 0 0 0 0 0 0 0 0 0 0 0 34 0 0 0 0 0 0 0 0 0 0 0 35 0 
0 0 76 81 0 0 0 0 7 0 0 0 0 0 0 0 94 0 0 0 78 0 0 0 0 0 0 21 0 17 
0 0 0 47 0 0 0 0 8 0 0 0 0 0 0 0 0 0 29 0 32 0 0 0 55 0 21 0 0 0 
0 0 0 0 0 0 0 0 0 0 0 0 0 87 0 0 0 0 0 31 0 0 0 0 93 35 0 0 0 0 
0 0 43 0 0 0 0 66 0 0 0 0 0 18 0 0 0 68 0 0 0 0 0 88 87 0 17 0 0 0 
