50
0 52 0 0 100 0 0 0 0 0 0 0 0 0 0 0 0 0 0 0 0 0 80 0 0 0 21 93 0 0 0 0 0 0 0 0 0 0 0 0 0 72 0 0 0 0 0 22 0 0 
52 0 0 0 0 0 0 0 0 0 0 62 0 0 0 0 29 0 0 23 0 0 0 0 0 0 0 0 0 0 0 0 0 0 0 0 0 16 19 0 18 0 0 0 86 0 52 24 0 0 
0 0 0 0 0 0 0 79 0 0 0 0 0 27 0 0 0 0 0 0 0 0 0 0 0 0 0 0 62 5 0 0 0 0 0 0 0 0 58 0 0 0 0 0 0 0 0 0 0 0 
0 0 0 0 0 0 0 0 0 0 0 49 0 0 0 0 0 0 0 0 0 0 69 86 0 0 0 0 0 0 0 0 0 72 0 0 0 0 18 90 0 0 0 69 0 0 51 49 0 0 
100 0 0 0 0 0 0 0 0 0 0 0 0 0 0 4 0 0 68 15 0 0 0 0 0 0 0 27 0 0 0 0 84 0 10 0 42 0 0 0 0 0 57 0 0 57 0 71 0 0 
0 0 0 0 0 0 0 0 64 0 0 84 0 0 0 0 38 0 0 0 0 0 0 0 0 74 0 0 0 0 0 38 0 81 0 0 0 0 0 0 0 0 67 0 0 0 0 49 0 0 
0 0 0 0 0 0 0 0 0 65 0 0 32 0 0 10 0 0 0 0 32 0 0 0 0 0 0 0 0 0 0 0 0 9 30 33 0 0 9 0 79 0 99 1 0 0 0 0 0 0 
0 0 79 0 0 0 0 0 0 0 0 0 0 0 71 0 0 0 34 0 0 0 0 0 0 0 0 0 0 0 0 0 0 0 0 0 0 0 0 63 0 27 38 0 0 78 0 0 0 0 
0 0 0 0 0 64 0 0 0 11 0 0 0 0 0 0 0 57 0 0 0 13 49 0 0 0 0 43 0 0 0 0 0 0 0 37 0 35 0 0 0 0 0 0 0 0 0 0 0 0 
0 0 0 0 0 0 65 0 11 0 0 0 0 0 0 0 0 0 61 0 0 0 0 0 0 0 0 0 0 0 66 43 0 0 0 0 0 0 98 0 0 0 24 0 0 0 0 0 0 0 
0 0 0 0 0 0 0 0 0 0 0 0 66 0 0 0 0 0 0 0 0 0 0 0 0 79 0 0 46 0 0 0 0 0 0 0 0 0 6 0 0 0 0 0 0 0 0 21 0 0 
0 62 0 49 0 84 0 0 0 0 0 0 0 52 96 0 42 0 0 17 0 0 0 74 0 0 0 0 0 0 0 0 0 0 0 0 0 0 0 40 0 0 0 0 0 71 0 0 0 0 
0 0 0 0 0 0 32 0 0 0 66 0 0 0 0 0 0 0 97 99 38 0 0 0 0 0 0 0 0 21 0 0 0 0 99 75 0 0 0 0 0 0 0 0 0 0 0 0 0 0 
0 0 27 0 0 0 0 0 0 0 0 52 0 0 0 0 0 0 0 0 48 11 13 49 0 14 0 0 15 91 0 0 0 0 0 0 85 0 0 38 0 1 0 82 0 0 0 7 0 0 
0 0 0 0 0 0 0 71 0 0 0 96 0 0 0 0 0 0 0 0 0 0 0 0 0 0 0 10 0 0 0 0 0 87 0 0 0 0 0 0 0 0 0 0 0 0 0 0 0 0 
0 0 0 0 4 0 10 0 0 0 0 0 0 0 0 0 0 0 0 0 31 0 0 85 0 0 0 0 0 0 0 0 14 0 1 0 75 0 0 0 26 0 0 0 0 66 0 0 0 0 
0 29 0 0 0 38 0 0 0 0 0 42 0 0 0 0 0 13 81 0 0 38 60 0 0 0 0 0 0 0 0 0 0 0 0 85 0 0 0 0 0 0 0 0 0 0 0 0 0 0 
0 0 0 0 0 0 0 0 57 0 0 0 0 0 0 0 13 0 0 11 3 0 51 0 0 54 0 0 0 0 0 0 0 0 0 0 0 0 98 0 0 0 0 0 0 80 0 0 0 0 
0 0 0 0 68 0 0 34 0 61 0 0 97 0 0 0 81 0 0 0 0 0 0 0 0 0 0 0 0 0 0 0 0 0 0 0 0 0 49 0 0 70 96 0 0 0 0 0 0 0 
0 23 0 0 15 0 0 0 0 0 0 17 99 0 0 0 0 11 0 0 15 0 0 0 0 0 0 0 0 0 0 98 0 0 0 0 0 0 0 0 0 0 0 0 0 0 21 0 0 97 
0 0 0 0 0 0 32 0 0 0 0 0 38 48 0 31 0 3 0 15 0 0 0 0 0 0 0 0 0 0 0 0 0 0 0 0 0 0 0 0 0 0 0 7 0 0 0 0 0 6 
0 0 0 0 0 0 0 0 13 0 0 0 0 11 0 0 38 0 0 0 0 0 0 0 0 0 0 0 0 0 0 0 0 0 0 0 0 0 0 0 0 5 0 0 0 0 0 92 0 0 
80 0 0 69 0 0 0 0 49 0 0 0 0 13 0 0 60 51 0 0 0 0 0 0 0 0 0 0 0 0 0 0 0 0 0 0 0 0 0 0 0 0 0 6 0 0 0 95 0 0 
0 0 0 86 0 0 0 0 0 0 0 74 0 49 0 85 0 0 0 0 0 0 0 0 0 0 0 0 0 0 0 88 0 0 0 0 0 0 0 0 0 0 0 0 0 0 0 0 0 0 
0 0 0 0 0 0 0 0 0 0 0 0 0 0 0 0 0 0 0 0 0 0 0 0 0 0 0 0 0 0 0 0 0 0 41 0 0 0 0 0 0 77 64 0 0 0 0 0 0 0 
0 0 0 0 0 74 0 0 0 0 79 0 0 14 0 0 0 54 0 0 0 0 0 0 0 0 0 10 0 0 0 84 43 0 0 82 0 0 0 0 0 0 0 0 0 0 0 0 0 0 
21 0 0 0 0 0 0 0 0 0 0 0 0 0 0 0 0 0 0 0 0 0 0 0 0 0 0 20 0 0 0 90 0 0 39 0 0 0 0 0 0 0 0 0 0 0 59 0 0 42 
93 0 0 0 27 0 0 0 43 0 0 0 0 0 10 0 0 0 0 0 0 0 0 0 0 10 20 0 0 0 0 59 0 0 39 0 90 0 15 0 13 0 0 26 0 0 0 30 0 0 
0 0 62 0 0 0 0 0 0 0 46 0 0 15 0 0 0 0 0 0 0 0 0 0 0 0 0 0 0 0 0 0 0 0 0 0 85 0 0 56 0 0 0 0 0 0 0 0 0 0 
0 0 5 0 0 0 0 0 0 0 0 0 21 91 0 0 0 0 0 0 0 0 0 0 0 0 0 0 0 0 0 92 0 0 0 0 0 0 0 86 0 0 0 0 0 0 0 0 0 0 
0 0 0 0 0 0 0 0 0 66 0 0 0 0 0 0 0 0 0 0 0 0 0 0 0 0 0 0 0 0 0 0 0 0 0 0 0 0 0 0 0 0 0 0 0 0 0 0 0 67 
0 0 0 0 0 38 0 0 0 43 0 0 0 0 0 0 0 0 0 98 0 0 0 88 0 84 90 59 0 92 0 0 0 0 0 0 0 0 0 0 0 0 0 0 0 0 91 0 0 0 
0 0 0 0 84 0 0 0 0 0 0 0 0 0 0 14 0 0 0 0 0 0 0 0 0 43 0 0 0 0 0 0 0 0 0 0 0 0 0 0 0 0 0 0 0 0 0 0 0 0 
0 0 0 72 0 81 9 0 0 0 0 0 0 0 87 0 0 0 0 0 0 0 0 0 0 0 0 0 0 0 0 0 0 0 0 0 0 79 0 0 0 0 0 0 0 0 53 33 0 0 
0 0 0 0 10 0 30 0 0 0 0 0 99 0 0 1 0 0 0 0 0 0 0 0 41 0 39 39 0 0 0 0 0 0 0 0 11 0 0 0 0 0 0 0 0 0 100 0 0 0 
0 0 0 0 0 0 33 0 37 0 0 0 75 0 0 0 85 0 0 0 0 0 0 0 0 82 0 0 0 0 0 0 0 0 0 0 0 36 42 0 0 0 0 0 0 0 79 0 0 0 
0 0 0 0 42 0 0 0 0 0 0 0 0 85 0 75 0 0 0 0 0 0 0 0 0 0 0 90 85 0 0 0 0 0 11 0 0 0 0 0 0 0 74 0 0 0 24 0 0 0 
0 16 0 0 0 0 0 0 35 0 0 0 0 0 0 0 0 0 0 0 0 0 0 0 0 0 0 0 0 0 0 0 0 79 0 36 0 0 52 0 0 0 0 0 0 91 0 0 0 0 
0 19 58 18 0 0 9 0 0 98 6 0 0 0 0 0 0 98 49 0 0 0 0 0 0 0 0 15 0 0 0 0 0 0 0 42 0 52 0 0 0 0 0 0 0 0 0 0 34 0 
0 0 0 90 0 0 0 63 0 0 0 40 0 38 0 0 0 0 0 0 0 0 0 0 0 0 0 0 56 86 0 0 0 0 0 0 0 0 0 0 0 0 0 0 0 0 0 0 0 13 
0 18 0 0 0 0 79 0 0 0 0 0 0 0 0 26 0 0 0 0 0 0 0 0 0 0 0 13 0 0 0 0 0 0 0 0 0 0 0 0 0 0 63 0 0 0 0 0 23 0 
72 0 0 0 0 0 0 27 0 0 0 0 0 1 0 0 0 0 70 0 0 5 0 0 77 0 0 0 0 0 0 0 0 0 0 0 0 0 0 0 0 0 0 0 0 0 0 45 0 0 
0 0 0 0 57 67 99 38 0 24 0 0 0 0 0 0 0 0 96 0 0 0 0 0 64 0 0 0 0 0 0 0 0 0 0 0 74 0 0 0 63 0 0 0 0 0 0 0 0 0 
0 0 0 69 0 0 1 0 0 0 0 0 0 82 0 0 0 0 0 0 7 0 6 0 0 0 0 26 0 0 0 0 0 0 0 0 0 0 0 0 0 0 0 0 86 0 0 0 0 0 
0 86 0 0 0 0 0 0 0 0 0 0 0 0 0 0 0 0 0 0 0 0 0 0 0 0 0 0 0 0 0 0 0 0 0 0 0 0 0 0 0 0 0 86 0 0 0 85 0 0 
0 0 0 0 57 0 0 78 0 0 0 71 0 0 0 66 0 80 0 0 0 0 0 0 0 0 0 0 0 0 0 0 0 0 0 0 0 91 0 0 0 0 0 0 0 0 0 0 0 0 
0 52 0 51 0 0 0 0 0 0 0 0 0 0 0 0 0 0 0 21 0 0 0 0 0 0 59 0 0 0 0 91 0 53 100 79 24 0 0 0 0 0 0 0 0 0 0 0 0 0 
22 24 0 49 71 49 0 0 0 0 21 0 0 7 0 0 0 0 0 0 0 92 95 0 0 0 0 30 0 0 0 0 0 33 0 0 0 0 0 0 0 45 0 0 85 0 0 0 0 0 
0 0 0 0 0 0 0 0 0 0 0 0 0 0 0 0 0 0 0 0 0 0 0 0 0 0 0 0 0 0 0 0 0 0 0 0 0 0 34 0 23 0 0 0 0 0 0 0 0 14 
0 0 0 0 0 0 0 0 0 0 0 0 0 0 0 0 0 0 0 97 6 0 0 0 0 0 42 0 0 0 67 0 0 0 0 0 0 0 0 13 0 0 0 0 0 0 0 0 14 0 
